-0,724658
-0,766992
-0,722168
-0,669873
-0,622559
-0,468164
-0,346143
-0,254004
-0,196729
-0,206689
-0,141943
-0,052295
-0,1021
-0,151904
-0,234082
-0,338672
-0,381006
-0,453223
-0,592676
-0,63999
-0,662402
-0,664893
-0,654932
-0,734619
-0,766992
-0,692285
-0,600146
-0,475635
-0,328711
-0,21167
-0,084668
0,047314
0,092139
0,141943
0,204199
0,21416
0,244043
0,278906
0,21416
0,221631
0,204199
0,124512
0,082178
0,007471
-0,112061
-0,134473
-0,174316
-0,298828
-0,328711
-0,328711
-0,306299
-0,20918
-0,174316
-0,189258
-0,139453
-0,037354
0,151904
0,326221
0,376025
0,381006
0,42085
0,42334
0,445752
0,485596
0,483105
0,540381
0,630029
0,64248
0,649951
0,620068
0,522949
0,525439
0,500537
0,453223
0,450732
0,440771
0,351123
0,31875
0,276416
0,20918
0,236572
0,258984
0,164355
0,1021
0,014941
-0,049805
-0,00498
0,027393
0,039844
0,084668
0,084668
0,049805
0,064746
0,049805
0,014941
-0,042334
-0,171826
-0,353613
-0,498047
-0,682324
-0,889014
-1,06582
-1,245117
-1,404492
-1,479199
-1,541455
-1,621143
-1,613672
-1,601221
-1,511572
-1,317334
-1,123096
-0,926367
-0,654932
-0,443262
-0,278906
-0,054785
0,164355
0,356104
0,63501
0,906445
1,103174
1,327295
1,459277
1,506592
1,538965
1,509082
1,434375
1,426904
1,387061
1,329785
1,297412
1,212744
1,115625
1,080762
1,038428
1,025977
1,035937
0,933838
0,784424
0,63999
0,42085
0,263965
0,129492
-0,064746
-0,191748
-0,298828
-0,480615
-0,654932
-0,84917
-1,06084
-1,145508
-1,16543
-1,222705
-1,257568
-1,294922
-1,309863
-1,230176
-1,16792
-1,068311
-0,884033
-0,754541
-0,620068
-0,495557
-0,5354
-0,572754
-0,525439
-0,495557
-0,415869
-0,333691
-0,358594
-0,31626
-0,31875
-0,351123
-0,356104
-0,363574
-0,333691
-0,199219
-0,129492
-0,089648
-0,032373
-0,00498
0,117041
0,303809
0,473145
0,684814
0,861621
1,011035
1,175391
1,212744
1,217725
1,255078
1,230176
1,245117
1,220215
1,035937
0,831738
0,575244
0,303809
0,052295
-0,229102
-0,470654
-0,677344
-0,881543
-0,928857
-0,928857
-1,020996
-1,05835
-1,088232
-1,123096
-1,073291
-1,093213
-1,17041
-1,185352
-1,147998
-1,06084
-0,986133
-1,020996
-1,016016
-0,95127
-0,916406
-0,896484
-0,923877
-0,95874
-0,84668
-0,707227
-0,692285
-0,694775
-0,677344
-0,625049
-0,500537
-0,465674
-0,500537
-0,445752
-0,371045
-0,298828
-0,21416
-0,21665
-0,21416
-0,10708
0,012451
0,097119
0,181787
0,196729
0,219141
0,261475
0,196729
0,156885
0,174316
0,164355
0,234082
0,263965
0,186768
0,099609
0,019922
-0,057275
-0,082178
-0,122021
-0,263965
-0,346143
-0,435791
-0,565283
-0,622559
-0,74209
-0,85166
-0,844189
-0,84668
-0,85415
-0,809326
-0,826758
-0,811816
-0,687305
-0,582715
-0,460693
-0,311279
-0,293848
-0,254004
-0,254004
-0,346143
-0,395947
-0,373535
-0,31875
-0,221631
-0,146924
-0,201709
-0,261475
-0,273926
-0,311279
-0,343652
-0,398437
-0,522949
-0,590186
-0,590186
-0,615088
-0,565283
-0,515479
-0,503027
-0,430811
-0,348633
-0,356104
-0,31377
-0,288867
-0,31626
-0,288867
-0,231592
-0,234082
-0,169336
-0,082178
-0,044824
0,057275
0,186768
0,263965
0,32373
0,42583
0,450732
0,490576
0,537891
0,515479
0,560303
0,607617
0,575244
0,547852
0,503027
0,458203
0,490576
0,510498
0,415869
0,303809
0,273926
0,21665
0,229102
0,186768
0,029883
-0,057275
-0,052295
-0,022412
0,037354
0,059766
0,037354
0,094629
0,176807
0,191748
0,21416
0,21167
0,194238
0,249023
0,224121
0,136963
0,042334
-0,114551
-0,184277
-0,181787
-0,229102
-0,251514
-0,256494
-0,343652
-0,395947
-0,433301
-0,53291
-0,5354
-0,500537
-0,470654
-0,371045
-0,266455
-0,226611
-0,134473
-0,057275
0,039844
0,199219
0,301318
0,460693
0,687305
0,804346
0,889014
0,973682
0,981152
1,035937
1,075781
0,993603
0,933838
0,814307
0,732129
0,717187
0,647461
0,545361
0,483105
0,395947
0,368555
0,31626
0,159375
0,067236
-0,00498
-0,052295
-0,049805
-0,10708
-0,21167
-0,333691
-0,575244
-0,774463
-0,916406
-1,085742
-1,16792
-1,329785
-1,551416
-1,70332
-1,850244
-1,91001
-1,922461
-2,029541
-2,089307
-2,074365
-2,034521
-1,907519
-1,738184
-1,633594
-1,456787
-1,247607
-1,103174
-0,931348
-0,841699
-0,754541
-0,612598
-0,500537
-0,42583
-0,333691
-0,273926
-0,184277
-0,062256
-0,014941
0,079687
0,246533
0,388477
0,585205
0,781934
0,928857
1,140527
1,354687
1,494141
1,613672
1,683398
1,718262
1,792969
1,80542
1,680908
1,568848
1,466748
1,329785
1,200293
1,018506
0,794385
0,63501
0,435791
0,189258
0,00249
-0,256494
-0,413379
-0,503027
-0,644971
-0,816797
-0,913916
-1,05835
-1,140527
-1,160449
-1,240137
-1,27002
-1,265039
-1,332275
-1,404492
-1,48418
-1,548926
-1,446826
-1,339746
-1,275
-1,17041
-1,05835
-0,978662
-0,84668
-0,727148
-0,64248
-0,440771
-0,244043
-0,084668
0,131982
0,263965
0,351123
0,500537
0,630029
0,784424
0,993603
1,150488
1,217725
1,275
1,235156
1,17041
1,155469
1,108154
1,001074
0,936328
0,801855
0,64248
0,52793
0,376025
0,241553
0,174316
0,042334
-0,082178
-0,131982
-0,21167
-0,361084
-0,455713
-0,525439
-0,567773
-0,542871
-0,565283
-0,672363
-0,722168
-0,799365
-0,886523
-0,938818
-1,001074
-1,108154
-1,175391
-1,235156
-1,38208
-1,461768
-1,571338
-1,628613
-1,571338
-1,514062
-1,49165
-1,426904
-1,352197
-1,257568
-1,080762
-0,903955
-0,702246
-0,400928
-0,10957
0,161865
0,435791
0,657422
0,933838
1,242627
1,429395
1,563867
1,675928
1,69834
1,743164
1,763086
1,675928
1,670947
1,693359
1,69834
1,680908
1,628613
1,504102
1,446826
1,327295
1,187842
1,130566
1,030957
0,946289
0,891504
0,74458
0,605127
0,53042
0,42583
0,353613
0,224121
0,019922
-0,127002
-0,293848
-0,515479
-0,722168
-0,884033
-0,963721
-0,931348
-0,963721
-1,035937
-1,06084
-1,108154
-1,115625
-1,120605
-1,190332
-1,135547
-1,016016
-0,908936
-0,752051
-0,672363
-0,570264
-0,395947
-0,271436
-0,151904
-0,014941
0,082178
0,226611
0,32124
0,331201
0,400928
0,460693
0,580225
0,712207
0,74209
0,766992
0,801855
0,74707
0,702246
0,627539
0,493066
0,438281
0,348633
0,184277
0,044824
-0,171826
-0,42334
-0,625049
-0,889014
-1,157959
-1,319824
-1,481689
-1,608691
-1,775537
-1,972266
-2,004639
-1,944873
-1,897559
-1,862695
-1,830322
-1,847754
-1,760596
-1,728223
-1,770557
-1,745654
-1,675928
-1,571338
-1,414453
-1,329785
-1,27998
-1,1729
-1,048389
-0,918896
-0,776953
-0,722168
-0,63501
-0,490576
-0,470654
-0,381006
-0,21167
-0,032373
0,271436
0,595166
0,789404
0,968701
1,1729
1,329785
1,504102
1,633594
1,665967
1,720752
1,735693
1,636084
1,548926
1,397021
1,227686
1,130566
0,976172
0,794385
0,597656
0,326221
0,049805
-0,169336
-0,363574
-0,498047
-0,572754
-0,684814
-0,796875
-0,871582
-1,028467
-1,123096
-1,150488
-1,202783
-1,220215
-1,175391
-1,222705
-1,282471
-1,329785
-1,394531
-1,404492
-1,387061
-1,424414
-1,431885
-1,419434
-1,454297
-1,429395
-1,399512
-1,3771
-1,260059
-1,095703
-0,95376
-0,776953
-0,587695
-0,42085
-0,186768
0,067236
0,281396
0,542871
0,824268
0,996094
1,145508
1,284961
1,357178
1,406982
1,449316
1,38208
1,342236
1,337256
1,275
1,242627
1,192822
1,108154
1,008545
0,884033
0,702246
0,512988
0,373535
0,234082
0,114551
0,029883
-0,10708
-0,174316
-0,239062
-0,395947
-0,500537
-0,610107
-0,769482
-0,861621
-0,978662
-1,160449
-1,319824
-1,506592
-1,69834
-1,773047
-1,8104
-1,8104
-1,713281
-1,623633
-1,504102
-1,319824
-1,160449
-0,966211
-0,709717
-0,460693
-0,20918
0,054785
0,221631
0,32124
0,410889
0,42583
0,495557
0,580225
0,597656
0,6375
0,669873
0,657422
0,719678
0,781934
0,809326
0,861621
0,874072
0,876562
0,926367
0,943799
0,981152
1,108154
1,207764
1,334766
1,439355
1,436865
1,441846
1,399512
1,282471
1,190332
1,001074
0,806836
0,63501
0,351123
0,037354
-0,286377
-0,630029
-0,876562
-1,06582
-1,227686
-1,255078
-1,27998
-1,297412
-1,27002
-1,284961
-1,235156
-1,088232
-0,95127
-0,764502
-0,612598
-0,498047
-0,341162
-0,239062
-0,144434
-0,019922
0,049805
0,1021
0,151904
0,099609
0,012451
-0,059766
-0,136963
-0,154395
-0,196729
-0,256494
-0,231592
-0,21416
-0,229102
-0,166846
-0,129492
-0,054785
0,10708
0,201709
0,256494
0,368555
0,458203
0,547852
0,669873
0,687305
0,717187
0,757031
0,707227
0,625049
0,53291
0,333691
0,206689
0,114551
-0,042334
-0,171826
-0,278906
-0,410889
-0,500537
-0,630029
-0,786914
-0,85166
-0,926367
-1,080762
-1,207764
-1,322314
-1,367139
-1,232666
-1,123096
-1,055859
-0,973682
-0,926367
-0,881543
-0,776953
-0,724658
-0,627539
-0,453223
-0,353613
-0,278906
-0,21167
-0,21416
-0,127002
0,022412
0,124512
0,278906
0,415869
0,503027
0,610107
0,677344
0,709717
0,806836
0,886523
0,908936
0,966211
0,943799
0,821777
0,732129
0,63501
0,52793
0,5354
0,508008
0,42832
0,385986
0,288867
0,134473
0,062256
-0,012451
-0,062256
0,00249
0,054785
0,044824
0,007471
-0,097119
-0,199219
-0,226611
-0,366064
-0,520459
-0,612598
-0,709717
-0,844189
-0,943799
-1,098193
-1,282471
-1,392041
-1,524023
-1,670947
-1,713281
-1,715771
-1,685889
-1,538965
-1,38208
-1,205273
-0,95625
-0,697266
-0,500537
-0,296338
-0,114551
0,064746
0,308789
0,517969
0,649951
0,811816
0,941309
1,028467
1,133057
1,147998
1,115625
1,105664
1,045898
0,983643
0,928857
0,826758
0,766992
0,729639
0,669873
0,625049
0,627539
0,550342
0,500537
0,42334
0,258984
0,149414
0,124512
0,072217
0,017432
-0,077197
-0,246533
-0,306299
-0,383496
-0,470654
-0,512988
-0,63999
-0,789404
-0,861621
-0,943799
-1,038428
-1,080762
-1,16543
-1,265039
-1,282471
-1,362158
-1,419434
-1,397021
-1,402002
-1,339746
-1,262549
-1,220215
-1,103174
-0,968701
-0,861621
-0,712207
-0,582715
-0,438281
-0,206689
-0,097119
-0,054785
0,034863
0,127002
0,31626
0,517969
0,63252
0,771973
0,906445
1,006055
1,140527
1,197803
1,27251
1,347217
1,354687
1,344727
1,217725
1,028467
0,844189
0,692285
0,52793
0,465674
0,371045
0,306299
0,244043
0,084668
-0,037354
-0,10957
-0,196729
-0,239062
-0,361084
-0,512988
-0,552832
-0,617578
-0,734619
-0,836719
-1,033447
-1,215234
-1,307373
-1,411963
-1,471728
-1,48667
-1,524023
-1,466748
-1,372119
-1,334766
-1,245117
-1,162939
-1,155469
-1,05835
-0,976172
-0,881543
-0,724658
-0,612598
-0,560303
-0,465674
-0,395947
-0,361084
-0,271436
-0,221631
-0,189258
-0,087158
-0,009961
0,114551
0,291357
0,413379
0,517969
0,677344
0,791895
0,908936
1,045898
1,083252
1,155469
1,267529
1,334766
1,424414
1,444336
1,339746
1,237646
1,088232
0,816797
0,607617
0,410889
0,174316
0,007471
-0,219141
-0,468164
-0,654932
-0,844189
-0,978662
-1,020996
-1,05835
-1,103174
-1,088232
-1,088232
-1,083252
-1,025977
-1,018506
-0,946289
-0,799365
-0,722168
-0,63501
-0,53042
-0,537891
-0,525439
-0,508008
-0,555322
-0,615088
-0,687305
-0,841699
-0,971191
-1,075781
-1,225195
-1,245117
-1,155469
-1,068311
-0,986133
-0,898975
-0,861621
-0,729639
-0,552832
-0,408398
-0,268945
-0,129492
-0,069727
0,009961
0,087158
0,10459
0,156885
0,231592
0,231592
0,263965
0,311279
0,281396
0,278906
0,348633
0,408398
0,525439
0,659912
0,699756
0,702246
0,692285
0,630029
0,580225
0,567773
0,53042
0,512988
0,483105
0,368555
0,246533
0,144434
0,012451
-0,054785
-0,077197
-0,194238
-0,276416
-0,371045
-0,485596
-0,510498
-0,512988
-0,508008
-0,455713
-0,42832
-0,413379
-0,383496
-0,438281
-0,508008
-0,505518
-0,463184
-0,378516
-0,283887
-0,32373
-0,405908
-0,470654
-0,580225
-0,649951
-0,657422
-0,687305
-0,662402
-0,63501
-0,724658
-0,779443
-0,84917
-0,921387
-0,834229
-0,749561
-0,699756
-0,615088
-0,610107
-0,597656
-0,505518
-0,413379
-0,288867
-0,136963
-0,022412
0,094629
0,20918
0,263965
0,351123
0,430811
0,495557
0,6375
0,677344
0,669873
0,697266
0,677344
0,664893
0,657422
0,625049
0,689795
0,749561
0,709717
0,684814
0,612598
0,512988
0,493066
0,440771
0,398437
0,348633
0,239062
0,166846
0,084668
-0,034863
-0,072217
-0,149414
-0,254004
-0,311279
-0,42583
-0,537891
-0,567773
-0,620068
-0,620068
-0,577734
-0,595166
-0,575244
-0,560303
-0,605127
-0,547852
-0,488086
-0,493066
-0,390967
-0,266455
-0,151904
0,00249
0,097119
0,171826
0,346143
0,473145
0,555322
0,612598
0,587695
0,577734
0,644971
0,667383
0,692285
0,757031
0,769482
0,836719
0,918896
0,871582
0,884033
0,931348
0,948779
0,988623
0,991113
0,96123
1,013525
1,06084
1,001074
0,95376
0,889014
0,786914
0,771973
0,659912
0,490576
0,353613
0,166846
-0,044824
-0,263965
-0,562793
-0,879053
-1,140527
-1,409473
-1,618652
-1,770557
-1,9125
-1,977246
-1,927441
-1,947363
-1,892578
-1,800439
-1,760596
-1,660986
-1,576318
-1,501611
-1,37959
-1,240137
-1,133057
-0,963721
-0,774463
-0,597656
-0,346143
-0,141943
-0,022412
0,151904
0,283887
0,373535
0,500537
0,597656
0,669873
0,789404
0,861621
0,921387
1,040918
1,090723
1,090723
1,145508
1,140527
1,075781
1,070801
0,998584
0,911426
0,874072
0,774463
0,620068
0,520459
0,403418
0,273926
0,204199
0,124512
-0,009961
-0,047314
-0,124512
-0,276416
-0,371045
-0,53042
-0,694775
-0,789404
-0,881543
-1,003564
-1,06582
-1,150488
-1,284961
-1,347217
-1,372119
-1,374609
-1,27251
-1,222705
-1,220215
-1,175391
-1,140527
-1,128076
-1,025977
-0,95127
-0,884033
-0,764502
-0,654932
-0,515479
-0,338672
-0,231592
-0,082178
0,144434
0,356104
0,572754
0,74458
0,811816
0,913916
1,095703
1,225195
1,369629
1,421924
1,372119
1,329785
1,232666
1,025977
0,864111
0,732129
0,582715
0,463184
0,258984
0,00498
-0,206689
-0,403418
-0,592676
-0,732129
-0,886523
-0,988623
-1,075781
-1,240137
-1,374609
-1,469238
-1,553906
-1,504102
-1,419434
-1,389551
-1,334766
-1,347217
-1,411963
-1,444336
-1,441846
-1,414453
-1,38208
-1,411963
-1,394531
-1,339746
-1,339746
-1,27251
-1,220215
-1,160449
-0,986133
-0,829248
-0,689795
-0,508008
-0,373535
-0,122021
0,164355
0,376025
0,630029
0,874072
1,075781
1,294922
1,394531
1,414453
1,501611
1,48418
1,469238
1,421924
1,252588
1,147998
1,053369
0,874072
0,759521
0,620068
0,517969
0,488086
0,388477
0,236572
0,144434
0,077197
0,097119
0,131982
0,044824
-0,069727
-0,146924
-0,256494
-0,371045
-0,453223
-0,605127
-0,674854
-0,749561
-0,896484
-1,006055
-1,130566
-1,260059
-1,289941
-1,304883
-1,327295
-1,267529
-1,242627
-1,237646
-1,197803
-1,1729
-1,147998
-0,973682
-0,811816
-0,687305
-0,560303
-0,503027
-0,445752
-0,381006
-0,371045
-0,353613
-0,261475
-0,246533
-0,241553
-0,249023
-0,333691
-0,348633
-0,276416
-0,256494
-0,146924
-0,00498
0,117041
0,293848
0,473145
0,607617
0,841699
1,045898
1,212744
1,369629
1,444336
1,494141
1,566357
1,538965
1,429395
1,389551
1,267529
1,120605
0,978662
0,74209
0,475635
0,229102
-0,064746
-0,31377
-0,470654
-0,615088
-0,754541
-0,856641
-0,988623
-1,053369
-1,006055
-0,973682
-0,901465
-0,809326
-0,806836
-0,809326
-0,776953
-0,781934
-0,704736
-0,572754
-0,468164
-0,343652
-0,21167
-0,151904
-0,082178
-0,007471
0,007471
0,084668
0,224121
0,311279
0,368555
0,390967
0,331201
0,301318
0,378516
0,393457
0,376025
0,356104
0,268945
0,184277
0,136963
0,032373
-0,039844
-0,054785
-0,049805
-0,00249
0,037354
-0,022412
-0,064746
-0,019922
0,014941
0,10459
0,199219
0,224121
0,296338
0,361084
0,361084
0,348633
0,331201
0,266455
0,268945
0,256494
0,184277
0,161865
0,10459
0,009961
-0,059766
-0,174316
-0,31626
-0,398437
-0,525439
-0,649951
-0,729639
-0,869092
-1,018506
-1,078271
-1,145508
-1,16792
-1,17041
-1,232666
-1,265039
-1,287451
-1,392041
-1,37959
-1,294922
-1,220215
-1,085742
-0,95625
-0,85415
-0,687305
-0,542871
-0,495557
-0,368555
-0,296338
-0,244043
-0,164355
-0,21416
-0,234082
-0,186768
-0,10957
0,009961
0,082178
0,077197
0,129492
0,171826
0,241553
0,303809
0,298828
0,338672
0,470654
0,53291
0,64248
0,754541
0,84668
1,001074
1,088232
1,093213
1,108154
1,05835
1,020996
1,001074
0,879053
0,824268
0,757031
0,562793
0,368555
0,117041
-0,144434
-0,244043
-0,343652
-0,445752
-0,508008
-0,610107
-0,694775
-0,766992
-0,918896
-1,033447
-1,055859
-1,105664
-1,110645
-1,155469
-1,252588
-1,262549
-1,197803
-1,090723
-0,876562
-0,702246
-0,557812
-0,341162
-0,191748
-0,134473
-0,052295
-0,009961
0,007471
0,129492
0,171826
0,154395
0,134473
0,057275
0,054785
0,089648
0,069727
0,062256
0,10708
0,119531
0,199219
0,263965
0,301318
0,415869
0,567773
0,702246
0,879053
1,018506
1,098193
1,215234
1,27749
1,260059
1,289941
1,275
1,215234
1,143018
0,968701
0,74707
0,590186
0,381006
0,161865
-0,059766
-0,383496
-0,689795
-0,921387
-1,182861
-1,394531
-1,583789
-1,797949
-1,895068
-1,954834
-2,064404
-2,096777
-2,069385
-1,977246
-1,783008
-1,586279
-1,48667
-1,354687
-1,187842
-1,055859
-0,84917
-0,6375
-0,445752
-0,206689
0,00498
0,141943
0,293848
0,410889
0,498047
0,63999
0,727148
0,754541
0,829248
0,889014
0,866602
0,879053
0,866602
0,824268
0,84917
0,844189
0,7396
0,677344
0,6375
0,562793
0,525439
0,458203
0,353613
0,31626
0,296338
0,219141
0,146924
0,039844
-0,099609
-0,171826
-0,268945
-0,448242
-0,610107
-0,757031
-0,943799
-1,030957
-1,120605
-1,247607
-1,304883
-1,297412
-1,329785
-1,294922
-1,27002
-1,262549
-1,1729
-1,130566
-1,128076
-1,008545
-0,898975
-0,806836
-0,652441
-0,505518
-0,303809
-0,042334
0,166846
0,32124
0,500537
0,649951
0,871582
1,108154
1,247607
1,374609
1,506592
1,59126
1,730713
1,80791
1,815381
1,880127
1,919971
1,850244
1,708301
1,501611
1,245117
1,06084
0,841699
0,590186
0,405908
0,186768
-0,009961
-0,136963
-0,333691
-0,505518
-0,669873
-0,874072
-0,96123
-1,001074
-1,06582
-1,113135
-1,185352
-1,27002
-1,247607
-1,304883
-1,394531
-1,409473
-1,48418
-1,536475
-1,583789
-1,70083
-1,768066
-1,800439
-1,842773
-1,80542
-1,783008
-1,678418
-1,441846
-1,212744
-0,993603
-0,727148
-0,505518
-0,191748
0,139453
0,388477
0,684814
0,921387
1,080762
1,215234
1,260059
1,319824
1,446826
1,446826
1,441846
1,402002
1,297412
1,190332
1,018506
0,769482
0,575244
0,376025
0,159375
-0,017432
-0,229102
-0,378516
-0,398437
-0,450732
-0,522949
-0,540381
-0,617578
-0,620068
-0,597656
-0,694775
-0,752051
-0,757031
-0,779443
-0,74707
-0,752051
-0,85415
-0,876562
-0,829248
-0,839209
-0,831738
-0,804346
-0,816797
-0,737109
-0,590186
-0,547852
-0,560303
-0,585205
-0,562793
-0,430811
-0,308789
-0,224121
-0,082178
0,047314
0,186768
0,331201
0,368555
0,458203
0,64248
0,799365
0,911426
0,983643
0,938818
0,993603
1,090723
1,083252
0,993603
0,903955
0,789404
0,724658
0,630029
0,460693
0,341162
0,258984
0,129492
0,024902
-0,199219
-0,465674
-0,652441
-0,85166
-1,055859
-1,187842
-1,347217
-1,519043
-1,618652
-1,738184
-1,835303
-1,865186
-1,929932
-1,994678
-1,952344
-1,892578
-1,760596
-1,546436
-1,411963
-1,289941
-1,103174
-0,906445
-0,709717
-0,512988
-0,383496
-0,251514
-0,079687
0,034863
0,179297
0,286377
0,308789
0,303809
0,341162
0,390967
0,42334
0,495557
0,493066
0,463184
0,483105
0,450732
0,400928
0,455713
0,520459
0,565283
0,577734
0,53042
0,463184
0,473145
0,381006
0,181787
0
-0,21416
-0,371045
-0,450732
-0,612598
-0,893994
-1,103174
-1,255078
-1,372119
-1,464258
-1,670947
-1,865186
-1,91499
-1,887598
-1,738184
-1,59624
-1,496631
-1,317334
-1,088232
-0,879053
-0,63999
-0,42583
-0,251514
0,007471
0,261475
0,418359
0,580225
0,727148
0,84917
1,013525
1,145508
1,245117
1,3771
1,469238
1,556396
1,690869
1,750635
1,850244
1,957324
1,987207
2,01958
2,071875
2,037012
1,939893
1,812891
1,613672
1,446826
1,197803
0,886523
0,602637
0,249023
-0,134473
-0,458203
-0,779443
-0,993603
-1,100684
-1,247607
-1,369629
-1,551416
-1,733203
-1,80293
-1,850244
-1,905029
-1,929932
-2,034521
-2,119189
-2,12666
-2,146582
-2,032031
-1,872656
-1,758105
-1,608691
-1,526514
-1,454297
-1,230176
-1,075781
-0,916406
-0,694775
-0,493066
-0,181787
0,119531
0,31875
0,525439
0,719678
0,911426
1,200293
1,429395
1,578809
1,728223
1,80293
1,900049
2,012109
2,051953
2,079346
2,091797
2,004639
1,937402
1,80791
1,636084
1,514062
1,399512
1,267529
1,1729
1,033447
0,816797
0,6375
0,418359
0,151904
-0,059766
-0,298828
-0,525439
-0,714697
-0,95376
-1,222705
-1,424414
-1,670947
-1,897559
-2,054443
-2,286035
-2,472803
-2,567432
-2,672021
-2,679492
-2,532568
-2,427978
-2,218799
-1,967285
-1,740674
-1,461768
-1,152978
-0,884033
-0,537891
-0,191748
0,092139
0,403418
0,64248
0,829248
1,105664
1,38208
1,568848
1,743164
1,822852
1,827832
1,870166
1,870166
1,892578
1,947363
1,974756
1,949853
1,882617
1,70083
1,511572
1,369629
1,1729
0,986133
0,809326
0,557812
0,356104
0,154395
-0,159375
-0,418359
-0,575244
-0,714697
-0,799365
-0,898975
-1,06333
-1,200293
-1,292432
-1,392041
-1,38457
-1,367139
-1,406982
-1,419434
-1,461768
-1,571338
-1,608691
-1,606201
-1,628613
-1,586279
-1,543945
-1,531494
-1,449316
-1,357178
-1,302393
-1,1729
-1,001074
-0,814307
-0,567773
-0,333691
-0,136963
0,114551
0,42832
0,684814
0,923877
1,155469
1,322314
1,496631
1,631103
1,658496
1,673437
1,705811
1,735693
1,750635
1,705811
1,561377
1,429395
1,255078
0,943799
0,612598
0,273926
-0,074707
-0,298828
-0,480615
-0,724658
-0,893994
-1,006055
-1,100684
-1,135547
-1,215234
-1,314844
-1,37959
-1,444336
-1,464258
-1,416943
-1,392041
-1,349707
-1,245117
-1,195312
-1,080762
-0,936328
-0,844189
-0,712207
-0,540381
-0,390967
-0,226611
-0,077197
0,007471
0,151904
0,268945
0,346143
0,473145
0,582715
0,692285
0,859131
0,971191
1,035937
1,110645
1,135547
1,17041
1,175391
1,083252
1,043408
0,996094
0,911426
0,889014
0,816797
0,694775
0,6375
0,557812
0,455713
0,356104
0,201709
0,052295
-0,064746
-0,256494
-0,405908
-0,612598
-0,85415
-1,028467
-1,195312
-1,362158
-1,476709
-1,603711
-1,665967
-1,675928
-1,750635
-1,780518
-1,812891
-1,827832
-1,733203
-1,718262
-1,728223
-1,653516
-1,59375
-1,476709
-1,327295
-1,222705
-1,06333
-0,879053
-0,749561
-0,580225
-0,42334
-0,283887
-0,097119
0,037354
0,10459
0,256494
0,410889
0,547852
0,689795
0,74458
0,774463
0,874072
0,918896
0,923877
0,859131
0,7396
0,659912
0,622559
0,508008
0,368555
0,239062
0,067236
-0,037354
-0,124512
-0,288867
-0,400928
-0,508008
-0,6375
-0,717187
-0,791895
-0,879053
-0,903955
-0,971191
-1,108154
-1,16792
-1,180371
-1,175391
-1,078271
-1,033447
-1,033447
-0,968701
-0,889014
-0,806836
-0,732129
-0,707227
-0,659912
-0,602637
-0,582715
-0,485596
-0,328711
-0,196729
-0,034863
0,119531
0,196729
0,356104
0,522949
0,610107
0,722168
0,809326
0,861621
0,95127
1,040918
1,06084
1,125586
1,195312
1,215234
1,27002
1,220215
1,093213
1,016016
0,908936
0,724658
0,577734
0,385986
0,176807
0,022412
-0,159375
-0,358594
-0,515479
-0,674854
-0,814307
-0,903955
-1,020996
-1,125586
-1,185352
-1,27251
-1,352197
-1,414453
-1,436865
-1,416943
-1,294922
-1,230176
-1,232666
-1,185352
-1,138037
-1,06582
-0,96123
-0,889014
-0,814307
-0,602637
-0,393457
-0,239062
-0,092139
0,029883
0,159375
0,353613
0,485596
0,517969
0,625049
0,754541
0,871582
1,016016
1,090723
1,16792
1,292432
1,357178
1,389551
1,404492
1,3771
1,37959
1,402002
1,374609
1,357178
1,367139
1,317334
1,240137
1,138037
0,933838
0,766992
0,595166
0,366064
0,134473
-0,159375
-0,440771
-0,664893
-0,829248
-1,035937
-1,182861
-1,342236
-1,494141
-1,536475
-1,583789
-1,648535
-1,660986
-1,713281
-1,723242
-1,631103
-1,58877
-1,533984
-1,454297
-1,404492
-1,314844
-1,175391
-1,080762
-0,866602
-0,590186
-0,333691
-0,029883
0,219141
0,395947
0,657422
0,871582
1,06333
1,250098
1,399512
1,628613
1,825342
1,947363
2,049463
2,066894
2,049463
2,096777
2,074365
1,932422
1,763086
1,48418
1,240137
1,050879
0,791895
0,607617
0,448242
0,21416
-0,019922
-0,226611
-0,328711
-0,393457
-0,570264
-0,699756
-0,766992
-0,976172
-1,095703
-1,17041
-1,344727
-1,424414
-1,454297
-1,516553
-1,566357
-1,621143
-1,683398
-1,668457
-1,715771
-1,830322
-1,882617
-1,852734
-1,70083
-1,536475
-1,48916
-1,3771
-1,202783
-1,018506
-0,771973
-0,562793
-0,42832
-0,201709
0,089648
0,343652
0,610107
0,791895
0,911426
1,078271
1,150488
1,103174
1,020996
0,903955
0,804346
0,789404
0,806836
0,836719
0,891504
0,85166
0,789404
0,757031
0,657422
0,540381
0,458203
0,32373
0,251514
0,139453
-0,029883
-0,169336
-0,303809
-0,542871
-0,74209
-0,971191
-1,242627
-1,436865
-1,613672
-1,778027
-1,832812
-1,887598
-1,927441
-1,882617
-1,892578
-1,977246
-1,984717
-1,997168
-1,91001
-1,70332
-1,509082
-1,302393
-1,003564
-0,799365
-0,565283
-0,278906
-0,039844
0,186768
0,408398
0,545361
0,684814
0,829248
0,881543
0,95874
1,115625
1,289941
1,514062
1,685889
1,70332
1,720752
1,768066
1,790478
1,857715
1,902539
1,852734
1,827832
1,785498
1,638574
1,48916
1,334766
1,115625
0,963721
0,821777
0,575244
0,303809
-0,007471
-0,398437
-0,729639
-0,986133
-1,265039
-1,494141
-1,705811
-1,929932
-2,119189
-2,23125
-2,373193
-2,398096
-2,325879
-2,263623
-2,151562
-2,064404
-2,0146
-1,91499
-1,783008
-1,680908
-1,529004
-1,322314
-1,155469
-0,923877
-0,74458
-0,659912
-0,540381
-0,381006
-0,20918
0,034863
0,241553
0,433301
0,667383
0,898975
1,078271
1,287451
1,446826
1,586279
1,775537
1,885107
1,937402
1,927441
1,825342
1,715771
1,621143
1,446826
1,257568
1,013525
0,752051
0,512988
0,244043
-0,127002
-0,440771
-0,707227
-0,96123
-1,125586
-1,275
-1,446826
-1,563867
-1,678418
-1,815381
-1,867676
-1,895068
-1,872656
-1,763086
-1,745654
-1,730713
-1,680908
-1,670947
-1,586279
-1,499121
-1,441846
-1,27749
-1,088232
-0,911426
-0,732129
-0,617578
-0,485596
-0,32373
-0,174316
0,027393
0,263965
0,405908
0,605127
0,809326
0,948779
1,1729
1,369629
1,566357
1,748144
1,820361
1,895068
1,957324
1,962305
1,969775
1,927441
1,795459
1,713281
1,568848
1,394531
1,222705
0,976172
0,717187
0,478125
0,171826
-0,114551
-0,42832
-0,821777
-1,113135
-1,349707
-1,603711
-1,770557
-1,892578
-1,997168
-2,007129
-2,037012
-2,096777
-2,076855
-2,049463
-1,984717
-1,870166
-1,830322
-1,775537
-1,641064
-1,48916
-1,309863
-1,120605
-1,001074
-0,879053
-0,672363
-0,52793
-0,381006
-0,236572
-0,087158
0,164355
0,430811
0,620068
0,814307
0,988623
1,147998
1,364648
1,583789
1,750635
1,994678
2,22876
2,383154
2,522607
2,55498
2,537549
2,510156
2,390625
2,196387
1,974756
1,665967
1,367139
1,06084
0,669873
0,273926
-0,077197
-0,470654
-0,796875
-1,073291
-1,3771
-1,59873
-1,753125
-1,900049
-1,964795
-2,01709
-2,12417
-2,186426
-2,218799
-2,251172
-2,196387
-2,119189
-2,089307
-1,929932
-1,763086
-1,613672
-1,411963
-1,232666
-1,055859
-0,799365
-0,585205
-0,413379
-0,164355
0,087158
0,273926
0,483105
0,659912
0,829248
1,100684
1,322314
1,471728
1,648535
1,797949
1,862695
1,942383
1,959814
1,907519
1,882617
1,835303
1,748144
1,643555
1,511572
1,342236
1,235156
1,055859
0,819287
0,647461
0,438281
0,161865
-0,10957
-0,430811
-0,771973
-1,040918
-1,267529
-1,529004
-1,693359
-1,852734
-2,0146
-2,109228
-2,191406
-2,291016
-2,293506
-2,266113
-2,211328
-2,109228
-2,024561
-1,919971
-1,760596
-1,665967
-1,576318
-1,416943
-1,267529
-1,073291
-0,866602
-0,757031
-0,580225
-0,338672
-0,139453
0,134473
0,388477
0,602637
0,891504
1,143018
1,267529
1,409473
1,576318
1,760596
1,957324
2,059424
2,0146
2,012109
1,954834
1,872656
1,720752
1,466748
1,230176
1,038428
0,7396
0,393457
0,012451
-0,403418
-0,669873
-0,889014
-1,157959
-1,347217
-1,529004
-1,705811
-1,797949
-1,939893
-2,081836
-2,116699
-2,136621
-2,12915
-2,089307
-2,114209
-2,056934
-1,977246
-1,922461
-1,775537
-1,631103
-1,456787
-1,215234
-1,06084
-0,896484
-0,677344
-0,498047
-0,258984
0,007471
0,236572
0,512988
0,771973
0,971191
1,185352
1,319824
1,521533
1,775537
1,91748
2,049463
2,134131
2,12915
2,168994
2,176465
2,086816
2,051953
1,982227
1,875146
1,750635
1,524023
1,27749
1,073291
0,836719
0,605127
0,385986
0,10459
-0,117041
-0,301318
-0,570264
-0,811816
-1,035937
-1,247607
-1,354687
-1,494141
-1,69834
-1,832812
-1,919971
-1,999658
-1,959814
-1,929932
-1,91748
-1,817871
-1,715771
-1,665967
-1,506592
-1,294922
-1,023486
-0,727148
-0,53042
-0,388477
-0,219141
-0,059766
0,151904
0,363574
0,522949
0,754541
1,043408
1,250098
1,459277
1,636084
1,745654
1,895068
2,012109
2,002148
2,037012
2,046973
1,989697
1,934912
1,80542
1,633594
1,521533
1,354687
1,120605
0,884033
0,600146
0,288867
0,049805
-0,273926
-0,607617
-0,876562
-1,133057
-1,372119
-1,558887
-1,8104
-2,041992
-2,198877
-2,343311
-2,44043
-2,462842
-2,467822
-2,410547
-2,246191
-2,173975
-2,061914
-1,91001
-1,785498
-1,59873
-1,374609
-1,207764
-0,941309
-0,602637
-0,328711
-0,027393
0,254004
0,498047
0,779443
1,06084
1,192822
1,312353
1,479199
1,621143
1,765576
1,887598
1,929932
1,962305
2,056934
2,076855
2,032031
1,952344
1,795459
1,663477
1,561377
1,3771
1,190332
1,011035
0,816797
0,620068
0,390967
0,082178
-0,21416
-0,463184
-0,769482
-1,070801
-1,37959
-1,725732
-2,012109
-2,223779
-2,487744
-2,644629
-2,794043
-2,921045
-2,913574
-2,901123
-2,896143
-2,826416
-2,709375
-2,597314
-2,380664
-2,22876
-2,086816
-1,847754
-1,606201
-1,324805
-0,988623
-0,724658
-0,438281
-0,131982
0,10957
0,368555
0,625049
0,844189
1,113135
1,394531
1,546436
1,688379
1,827832
1,932422
2,119189
2,300977
2,410547
2,512646
2,532568
2,497705
2,430469
2,251172
2,071875
1,91499
1,70083
1,499121
1,27998
0,923877
0,577734
0,204199
-0,224121
-0,537891
-0,856641
-1,187842
-1,464258
-1,773047
-2,01958
-2,161523
-2,283545
-2,320898
-2,310937
-2,33833
-2,281055
-2,248682
-2,241211
-2,156543
-2,041992
-1,845264
-1,571338
-1,37959
-1,190332
-1,023486
-0,901465
-0,679834
-0,473145
-0,254004
0,017432
0,286377
0,493066
0,694775
0,824268
1,008545
1,27749
1,501611
1,743164
1,967285
2,094287
2,271094
2,398096
2,437939
2,495215
2,510156
2,467822
2,465332
2,34082
2,144092
1,949853
1,69834
1,402002
1,150488
0,84917
0,498047
0,196729
-0,204199
-0,622559
-0,978662
-1,329785
-1,621143
-1,919971
-2,23623
-2,490234
-2,66206
-2,86875
-2,983301
-3,07793
-3,18501
-3,212402
-3,175049
-3,150146
-3,020654
-2,833887
-2,612256
-2,328369
-2,066894
-1,862695
-1,581299
-1,299902
-1,020996
-0,674854
-0,376025
-0,072217
0,31626
0,610107
0,841699
1,118115
1,359668
1,628613
1,91748
2,094287
2,253662
2,395605
2,420508
2,4479
2,475293
2,410547
2,415527
2,425488
2,320898
2,191406
2,044482
1,778027
1,558887
1,327295
0,998584
0,692285
0,368555
-0,062256
-0,42583
-0,774463
-1,133057
-1,389551
-1,571338
-1,750635
-1,857715
-1,984717
-2,208838
-2,310937
-2,34082
-2,385644
-2,33584
-2,315918
-2,343311
-2,320898
-2,291016
-2,281055
-2,164014
-1,992187
-1,825342
-1,583789
-1,317334
-1,108154
-0,804346
-0,520459
-0,296338
-0,029883
0,306299
0,567773
0,836719
1,115625
1,364648
1,693359
2,032031
2,278564
2,505176
2,691943
2,789062
2,816455
2,754199
2,599805
2,497705
2,383154
2,168994
1,922461
1,583789
1,192822
0,84917
0,480615
0,052295
-0,338672
-0,704736
-1,018506
-1,299902
-1,623633
-1,9125
-2,136621
-2,355762
-2,502686
-2,572412
-2,694434
-2,741748
-2,749219
-2,76416
-2,66206
-2,527588
-2,418018
-2,243701
-2,086816
-1,969775
-1,835303
-1,733203
-1,660986
-1,501611
-1,307373
-1,103174
-0,836719
-0,575244
-0,326221
-0,007471
0,254004
0,525439
0,811816
1,013525
1,240137
1,429395
1,571338
1,790478
1,964795
2,054443
2,149072
2,154053
2,149072
2,171484
2,099268
1,972266
1,822852
1,618652
1,471728
1,297412
1,030957
0,804346
0,5354
0,298828
0,10708
-0,119531
-0,331201
-0,508008
-0,74209
-0,936328
-1,147998
-1,37959
-1,521533
-1,668457
-1,825342
-1,939893
-2,109228
-2,261133
-2,310937
-2,410547
-2,480273
-2,515137
-2,507666
-2,318408
-2,041992
-1,80542
-1,511572
-1,247607
-0,993603
-0,644971
-0,308789
-0,00249
0,32124
0,630029
0,926367
1,265039
1,538965
1,80542
2,101758
2,380664
2,6521
2,893652
3,015674
3,110303
3,170068
3,130225
3,090381
3,038086
2,908594
2,799023
2,617236
2,253662
1,900049
1,546436
1,185352
0,936328
0,622559
0,256494
-0,022412
-0,343652
-0,684814
-0,981152
-1,297412
-1,583789
-1,780518
-2,01709
-2,313428
-2,567432
-2,856299
-3,062988
-3,180029
-3,269678
-3,309521
-3,272168
-3,29209
-3,259717
-3,224853
-3,194971
-3,048047
-2,804004
-2,55249
-2,216309
-1,845264
-1,501611
-1,085742
-0,709717
-0,363574
0,037354
0,438281
0,776953
1,110645
1,354687
1,519043
1,715771
1,890088
2,002148
2,12915
2,159033
2,096777
2,076855
1,979736
1,815381
1,656006
1,476709
1,257568
1,085742
0,871582
0,612598
0,400928
0,176807
-0,037354
-0,169336
-0,32373
-0,465674
-0,525439
-0,669873
-0,834229
-0,946289
-1,040918
-1,123096
-1,147998
-1,262549
-1,424414
-1,48418
-1,531494
-1,59624
-1,616162
-1,675928
-1,69585
-1,608691
-1,538965
-1,481689
-1,367139
-1,240137
-1,090723
-0,841699
-0,63252
-0,470654
-0,244043
-0,029883
0,199219
0,445752
0,704736
0,968701
1,307373
1,538965
1,725732
1,91001
2,01709
2,154053
2,256152
2,286035
2,266113
2,243701
2,111719
1,929932
1,683398
1,362158
1,088232
0,834229
0,495557
0,204199
-0,136963
-0,485596
-0,737109
-1,018506
-1,369629
-1,618652
-1,850244
-2,074365
-2,206348
-2,355762
-2,480273
-2,512646
-2,55498
-2,582373
-2,567432
-2,569922
-2,535059
-2,44541
-2,388135
-2,22876
-2,027051
-1,817871
-1,536475
-1,27002
-1,06084
-0,816797
-0,560303
-0,293848
-0,012451
0,20918
0,440771
0,712207
0,948779
1,210254
1,436865
1,578809
1,780518
1,942383
2,01709
2,106738
2,116699
2,156543
2,183936
2,149072
2,116699
2,111719
2,007129
1,949853
1,80542
1,583789
1,372119
1,088232
0,727148
0,363574
-0,082178
-0,450732
-0,757031
-1,068311
-1,337256
-1,608691
-1,875146
-2,044482
-2,198877
-2,400586
-2,490234
-2,55
-2,55249
-2,482764
-2,467822
-2,408057
-2,253662
-2,101758
-1,902539
-1,675928
-1,469238
-1,160449
-0,829248
-0,577734
-0,286377
0,069727
0,42583
0,834229
1,162939
1,332275
1,499121
1,606201
1,665967
1,733203
1,723242
1,660986
1,675928
1,693359
1,633594
1,578809
1,454297
1,322314
1,322314
1,27749
1,240137
1,222705
1,130566
1,011035
0,901465
0,709717
0,515479
0,356104
0,10957
-0,127002
-0,368555
-0,669873
-0,938818
-1,125586
-1,344727
-1,48916
-1,618652
-1,775537
-1,902539
-2,01958
-2,136621
-2,168994
-2,216309
-2,218799
-2,139111
-2,084326
-2,044482
-1,959814
-1,897559
-1,80293
-1,551416
-1,304883
-1,088232
-0,814307
-0,597656
-0,346143
-0,049805
0,234082
0,520459
0,884033
1,182861
1,431885
1,648535
1,800439
1,969775
2,171484
2,251172
2,308447
2,373193
2,368213
2,320898
2,241211
2,046973
1,892578
1,778027
1,551416
1,262549
0,978662
0,669873
0,383496
0,122021
-0,20918
-0,537891
-0,757031
-0,991113
-1,250098
-1,466748
-1,673437
-1,8104
-1,865186
-1,929932
-2,049463
-2,111719
-2,149072
-2,196387
-2,193896
-2,216309
-2,196387
-2,099268
-2,054443
-2,027051
-2,009619
-2,0146
-1,9125
-1,720752
-1,529004
-1,299902
-1,003564
-0,722168
-0,408398
-0,099609
0,186768
0,515479
0,85415
1,145508
1,419434
1,653516
1,822852
2,01709
2,159033
2,226269
2,348291
2,400586
2,355762
2,278564
2,111719
1,900049
1,758105
1,566357
1,334766
1,105664
0,844189
0,622559
0,42583
0,199219
0,012451
-0,161865
-0,413379
-0,669873
-0,948779
-1,27749
-1,504102
-1,745654
-2,004639
-2,203857
-2,378174
-2,490234
-2,530078
-2,642139
-2,721826
-2,689453
-2,642139
-2,527588
-2,345801
-2,226269
-1,994678
-1,710791
-1,431885
-1,118115
-0,834229
-0,5354
-0,229102
0
0,224121
0,443262
0,64248
0,884033
1,045898
1,113135
1,225195
1,292432
1,359668
1,421924
1,389551
1,367139
1,389551
1,332275
1,319824
1,322314
1,339746
1,444336
1,538965
1,553906
1,524023
1,411963
1,292432
1,205273
1,006055
0,771973
0,515479
0,199219
-0,089648
-0,278906
-0,525439
-0,727148
-0,903955
-1,162939
-1,367139
-1,59126
-1,847754
-1,987207
-2,131641
-2,256152
-2,248682
-2,218799
-2,149072
-1,979736
-1,827832
-1,738184
-1,548926
-1,374609
-1,212744
-1,006055
-0,829248
-0,672363
-0,455713
-0,251514
-0,052295
0,151904
0,268945
0,42583
0,63999
0,779443
0,936328
1,118115
1,1729
1,257568
1,304883
1,297412
1,359668
1,436865
1,466748
1,474219
1,397021
1,227686
1,123096
0,998584
0,834229
0,689795
0,463184
0,161865
-0,124512
-0,488086
-0,809326
-1,003564
-1,118115
-1,200293
-1,235156
-1,347217
-1,414453
-1,411963
-1,464258
-1,499121
-1,461768
-1,434375
-1,339746
-1,220215
-1,247607
-1,284961
-1,210254
-1,16543
-1,085742
-1,003564
-1,011035
-0,946289
-0,809326
-0,717187
-0,595166
-0,415869
-0,226611
0,044824
0,291357
0,430811
0,580225
0,794385
0,981152
1,155469
1,329785
1,441846
1,578809
1,735693
1,760596
1,710791
1,628613
1,511572
1,434375
1,411963
1,275
1,100684
0,913916
0,674854
0,468164
0,291357
0,049805
-0,161865
-0,311279
-0,515479
-0,717187
-0,874072
-1,050879
-1,118115
-1,133057
-1,192822
-1,237646
-1,267529
-1,324805
-1,389551
-1,411963
-1,416943
-1,319824
-1,237646
-1,242627
-1,215234
-1,162939
-1,048389
-0,869092
-0,699756
-0,557812
-0,306299
-0,014941
0,184277
0,385986
0,515479
0,717187
0,996094
1,190332
1,27251
1,314844
1,307373
1,332275
1,349707
1,255078
1,16792
1,16543
1,160449
1,140527
1,053369
0,85166
0,764502
0,694775
0,570264
0,465674
0,301318
0,169336
0,131982
0,044824
-0,097119
-0,246533
-0,448242
-0,600146
-0,7396
-0,926367
-1,115625
-1,364648
-1,618652
-1,733203
-1,815381
-1,887598
-1,892578
-1,887598
-1,822852
-1,673437
-1,578809
-1,402002
-1,16792
-0,913916
-0,552832
-0,244043
0,019922
0,293848
0,495557
0,714697
0,913916
1,011035
1,130566
1,240137
1,282471
1,354687
1,389551
1,402002
1,494141
1,541455
1,59126
1,675928
1,638574
1,558887
1,49165
1,394531
1,342236
1,292432
1,128076
0,963721
0,757031
0,498047
0,273926
0,014941
-0,268945
-0,500537
-0,749561
-1,083252
-1,334766
-1,581299
-1,80542
-1,932422
-2,059424
-2,216309
-2,320898
-2,400586
-2,435449
-2,393115
-2,398096
-2,355762
-2,221289
-2,079346
-1,875146
-1,618652
-1,441846
-1,162939
-0,84668
-0,577734
-0,254004
0,034863
0,21665
0,480615
0,687305
0,781934
0,926367
1,001074
0,983643
1,045898
1,080762
1,035937
1,090723
1,130566
1,120605
1,147998
1,128076
1,075781
1,016016
0,896484
0,781934
0,722168
0,657422
0,615088
0,53291
0,373535
0,249023
0,139453
-0,072217
-0,249023
-0,395947
-0,590186
-0,794385
-1,023486
-1,359668
-1,631103
-1,800439
-1,962305
-2,071875
-2,154053
-2,276074
-2,318408
-2,33833
-2,395605
-2,370703
-2,281055
-2,183936
-2,037012
-1,892578
-1,820361
-1,673437
-1,451807
-1,215234
-0,871582
-0,463184
-0,114551
0,224121
0,522949
0,749561
1,011035
1,304883
1,536475
1,768066
1,959814
2,039502
2,12168
2,186426
2,161523
2,12666
2,149072
2,12417
2,059424
1,919971
1,648535
1,37959
1,220215
1,043408
0,84917
0,625049
0,32124
0,059766
-0,159375
-0,430811
-0,649951
-0,801855
-0,896484
-0,889014
-0,936328
-1,095703
-1,210254
-1,255078
-1,304883
-1,267529
-1,240137
-1,242627
-1,160449
-1,130566
-1,143018
-1,098193
-1,048389
-0,963721
-0,74707
-0,577734
-0,480615
-0,42085
-0,373535
-0,271436
-0,044824
0,184277
0,418359
0,6375
0,806836
1,06084
1,267529
1,342236
1,451807
1,58877
1,758105
1,969775
2,02207
1,895068
1,837793
1,820361
1,768066
1,718262
1,556396
1,431885
1,374609
1,245117
1,06333
0,794385
0,495557
0,331201
0,179297
-0,019922
-0,273926
-0,595166
-0,844189
-1,06084
-1,299902
-1,499121
-1,628613
-1,778027
-1,872656
-2,0146
-2,151562
-2,178955
-2,168994
-2,094287
-1,91748
-1,758105
-1,563867
-1,362158
-1,215234
-1,001074
-0,819287
-0,674854
-0,495557
-0,361084
-0,224121
0
0,174316
0,353613
0,545361
0,684814
0,901465
1,17041
1,329785
1,441846
1,49165
1,451807
1,511572
1,538965
1,509082
1,461768
1,364648
1,240137
1,157959
0,988623
0,722168
0,537891
0,356104
0,154395
-0,00249
-0,244043
-0,473145
-0,612598
-0,752051
-0,834229
-0,881543
-0,986133
-1,06084
-1,090723
-1,130566
-1,160449
-1,190332
-1,275
-1,309863
-1,349707
-1,387061
-1,37959
-1,414453
-1,461768
-1,389551
-1,317334
-1,260059
-1,145508
-1,080762
-0,998584
-0,859131
-0,791895
-0,709717
-0,517969
-0,311279
-0,077197
0,221631
0,450732
0,724658
1,018506
1,195312
1,319824
1,436865
1,449316
1,469238
1,471728
1,347217
1,160449
0,948779
0,669873
0,458203
0,273926
0,034863
-0,176807
-0,390967
-0,664893
-0,829248
-0,966211
-1,105664
-1,150488
-1,200293
-1,27251
-1,27749
-1,334766
-1,474219
-1,583789
-1,668457
-1,753125
