-0,082178
-0,019922
-0,022412
-0,054785
-0,049805
-0,062256
-0,029883
-0,059766
-0,136963
-0,194238
-0,234082
-0,263965
-0,31875
-0,32124
-0,271436
-0,258984
-0,288867
-0,271436
-0,21416
-0,144434
-0,112061
-0,099609
-0,099609
-0,161865
-0,286377
-0,298828
-0,244043
-0,10957
-0,042334
-0,097119
-0,1021
-0,00498
0,069727
-0,014941
-0,204199
-0,271436
-0,114551
0,082178
0,089648
-0,099609
-0,278906
-0,306299
-0,298828
-0,338672
-0,383496
-0,393457
-0,31377
-0,338672
-0,450732
-0,483105
-0,385986
-0,271436
-0,234082
-0,246533
-0,154395
0,054785
0,169336
0,019922
-0,21665
-0,246533
-0,00249
0,196729
0,069727
-0,224121
-0,358594
-0,191748
-0,059766
-0,181787
-0,463184
-0,525439
-0,433301
-0,351123
-0,381006
-0,450732
-0,410889
-0,293848
-0,221631
-0,256494
-0,281396
-0,176807
-0,114551
-0,278906
-0,488086
-0,508008
-0,341162
-0,263965
-0,400928
-0,557812
-0,468164
-0,219141
-0,131982
-0,271436
-0,403418
-0,261475
0,007471
0,201709
0,21416
0,159375
0,239062
0,32124
0,261475
0,079687
0
0,057275
0,069727
-0,099609
-0,246533
-0,221631
-0,164355
-0,20918
-0,368555
-0,453223
-0,326221
-0,191748
-0,221631
-0,326221
-0,398437
-0,231592
-0,1021
-0,064746
-0,10708
-0,079687
-0,027393
-0,074707
-0,199219
-0,338672
-0,373535
-0,395947
-0,443262
-0,465674
-0,403418
-0,368555
-0,42085
-0,505518
-0,488086
-0,338672
-0,229102
-0,249023
-0,328711
-0,326221
-0,21665
-0,164355
-0,179297
-0,169336
-0,049805
0,029883
-0,00249
-0,057275
-0,044824
-0,042334
-0,184277
-0,410889
-0,488086
-0,368555
-0,239062
-0,229102
-0,371045
-0,346143
-0,176807
-0,034863
-0,064746
-0,199219
-0,221631
-0,10957
-0,044824
-0,10957
-0,169336
-0,10957
-0,067236
-0,119531
-0,246533
-0,263965
-0,21665
-0,21416
-0,291357
-0,331201
-0,261475
-0,151904
-0,094629
-0,084668
-0,007471
0,166846
0,251514
0,171826
0,044824
0,064746
0,184277
0,181787
0,034863
-0,054785
-0,047314
-0,097119
-0,263965
-0,42583
-0,415869
-0,278906
-0,229102
-0,326221
-0,393457
-0,333691
-0,20918
-0,21665
-0,405908
-0,405908
-0,21416
-0,024902
-0,052295
-0,251514
-0,331201
-0,229102
-0,139453
-0,206689
-0,31875
-0,271436
-0,082178
0,019922
-0,10459
-0,281396
-0,276416
-0,131982
-0,049805
-0,10957
-0,156885
-0,074707
-0,00498
-0,112061
-0,31875
-0,371045
-0,258984
-0,134473
-0,144434
-0,261475
-0,311279
-0,219141
-0,124512
-0,154395
-0,296338
-0,363574
-0,298828
-0,236572
-0,32373
-0,450732
-0,500537
-0,403418
-0,31626
-0,358594
-0,405908
-0,393457
-0,249023
-0,087158
-0,052295
-0,119531
-0,129492
-0,00249
0,129492
0,057275
-0,094629
-0,112061
0,039844
0,179297
0,114551
-0,047314
-0,117041
-0,10957
-0,164355
-0,366064
-0,42583
-0,256494
-0,027393
0,097119
-0,009961
-0,119531
-0,087158
0,019922
-0,034863
-0,199219
-0,353613
-0,293848
-0,21167
-0,346143
-0,657422
-0,844189
-0,74209
-0,490576
-0,393457
-0,5354
-0,610107
-0,453223
-0,244043
-0,266455
-0,448242
-0,522949
-0,32373
-0,079687
-0,042334
-0,196729
-0,288867
-0,231592
-0,171826
-0,296338
-0,445752
-0,398437
-0,184277
-0,057275
-0,144434
-0,268945
-0,244043
-0,124512
-0,074707
-0,082178
-0,017432
0,114551
0,229102
0,156885
0,009961
-0,092139
-0,094629
-0,032373
0,00498
-0,017432
-0,094629
-0,184277
-0,286377
-0,343652
-0,398437
-0,445752
-0,418359
-0,311279
-0,206689
-0,21416
-0,328711
-0,378516
-0,341162
-0,263965
-0,221631
-0,308789
-0,31626
-0,174316
-0,032373
-0,024902
-0,139453
-0,164355
-0,064746
-0,034863
-0,161865
-0,311279
-0,254004
-0,022412
0,131982
0,064746
-0,146924
-0,281396
-0,219141
-0,141943
-0,156885
-0,226611
-0,21416
-0,114551
-0,119531
-0,249023
-0,388477
-0,403418
-0,368555
-0,376025
-0,418359
-0,42334
-0,376025
-0,338672
-0,376025
-0,408398
-0,358594
-0,21167
-0,10459
-0,112061
-0,174316
-0,176807
-0,049805
0,022412
-0,022412
-0,134473
-0,189258
-0,097119
0,037354
0,074707
0,022412
-0,034863
0,00498
0,1021
0,134473
0,092139
0,092139
0,176807
0,268945
0,291357
0,226611
0,149414
0,099609
0,052295
-0,049805
-0,181787
-0,204199
-0,174316
-0,141943
-0,204199
-0,383496
-0,498047
-0,465674
-0,42085
-0,42085
-0,433301
-0,356104
-0,20918
-0,134473
-0,261475
-0,430811
-0,435791
-0,31377
-0,204199
-0,231592
-0,241553
-0,159375
-0,161865
-0,21665
-0,311279
-0,286377
-0,117041
0,014941
0,022412
-0,007471
0,022412
0,097119
0,139453
0,131982
0,10459
0,131982
0,199219
0,184277
0,092139
0
-0,052295
-0,042334
-0,084668
-0,179297
-0,261475
-0,361084
-0,390967
-0,405908
-0,433301
-0,5354
-0,644971
-0,689795
-0,627539
-0,522949
-0,445752
-0,450732
-0,443262
-0,408398
-0,418359
-0,508008
-0,540381
-0,512988
-0,448242
-0,445752
-0,498047
-0,550342
-0,52793
-0,413379
-0,31377
-0,234082
-0,166846
-0,072217
0,00498
-0,017432
-0,114551
-0,156885
-0,059766
0,012451
-0,024902
-0,124512
-0,10708
0,022412
0,052295
-0,039844
-0,129492
-0,114551
-0,054785
-0,064746
-0,151904
-0,276416
-0,229102
-0,151904
-0,229102
-0,373535
-0,388477
-0,229102
-0,092139
-0,154395
-0,333691
-0,450732
-0,42085
-0,400928
-0,458203
-0,515479
-0,470654
-0,368555
-0,293848
-0,306299
-0,296338
-0,249023
-0,159375
-0,144434
-0,127002
-0,119531
-0,074707
-0,072217
-0,141943
-0,231592
-0,21665
-0,112061
-0,064746
-0,112061
-0,249023
-0,293848
-0,249023
-0,236572
-0,278906
-0,363574
-0,338672
-0,184277
-0,144434
-0,283887
-0,390967
-0,430811
-0,343652
-0,296338
-0,346143
-0,418359
-0,413379
-0,358594
-0,398437
-0,495557
-0,500537
-0,356104
-0,20918
-0,186768
-0,21167
-0,154395
-0,024902
0,034863
0,042334
0,022412
0,112061
0,239062
0,296338
0,234082
0,146924
0,136963
0,174316
0,169336
0,124512
0,074707
0,069727
0,064746
0,017432
-0,042334
-0,052295
-0,019922
-0,017432
-0,057275
-0,10459
-0,154395
-0,174316
-0,224121
-0,276416
-0,308789
-0,31626
-0,298828
-0,291357
-0,31626
-0,338672
-0,293848
-0,263965
-0,273926
-0,266455
-0,221631
-0,144434
-0,112061
-0,122021
-0,174316
-0,241553
-0,341162
-0,415869
-0,408398
-0,353613
-0,286377
-0,181787
-0,10708
-0,079687
-0,099609
-0,079687
-0,024902
0,049805
0,042334
0,007471
0,00498
0,017432
0,032373
0,012451
-0,019922
-0,009961
0,027393
0,044824
0,019922
-0,019922
-0,057275
-0,129492
-0,159375
-0,348633
-0,42334
-0,328711
-0,241553
-0,249023
-0,303809
-0,296338
-0,258984
-0,303809
-0,438281
-0,522949
-0,520459
-0,520459
-0,585205
-0,6375
-0,605127
-0,505518
-0,42832
-0,405908
-0,398437
-0,31875
-0,129492
-0,037354
-0,019922
-0,022412
0,037354
0,097119
0,1021
0,067236
0,052295
0,094629
0,141943
0,074707
-0,074707
-0,21167
-0,261475
-0,271436
-0,298828
-0,276416
-0,146924
0,049805
0,114551
0,044824
-0,097119
-0,131982
-0,009961
0,054785
0,00498
-0,042334
-0,047314
-0,064746
-0,201709
-0,371045
-0,371045
-0,266455
-0,224121
-0,281396
-0,358594
-0,311279
-0,241553
-0,273926
-0,338672
-0,31626
-0,184277
-0,169336
-0,273926
-0,408398
-0,385986
-0,254004
-0,204199
-0,278906
-0,353613
-0,358594
-0,368555
-0,458203
-0,557812
-0,612598
-0,600146
-0,64248
-0,727148
-0,752051
-0,707227
-0,664893
-0,627539
-0,597656
-0,503027
-0,403418
-0,32373
-0,288867
-0,263965
-0,231592
-0,149414
-0,079687
-0,042334
-0,034863
-0,019922
0,009961
0,019922
-0,009961
-0,024902
-0,039844
-0,037354
-0,042334
-0,052295
-0,087158
-0,122021
-0,089648
-0,034863
0,019922
0,009961
-0,024902
0
-0,009961
-0,057275
-0,141943
-0,181787
-0,184277
-0,229102
-0,341162
-0,433301
-0,435791
-0,393457
-0,395947
-0,448242
-0,470654
-0,42832
-0,338672
-0,306299
-0,331201
-0,351123
-0,258984
-0,191748
-0,231592
-0,276416
-0,288867
-0,229102
-0,186768
-0,258984
-0,378516
-0,415869
-0,363574
-0,353613
-0,343652
-0,303809
-0,201709
-0,097119
-0,052295
-0,049805
-0,044824
0,007471
0,124512
0,21167
0,181787
0,164355
0,149414
0,089648
0,027393
0,00249
0,00498
0,012451
-0,017432
-0,069727
-0,077197
-0,074707
-0,067236
-0,074707
-0,054785
-0,009961
0,027393
-0,007471
-0,069727
-0,1021
-0,072217
-0,049805
-0,117041
-0,191748
-0,261475
-0,278906
-0,266455
-0,32124
-0,395947
-0,398437
-0,371045
-0,346143
-0,363574
-0,378516
-0,343652
-0,281396
-0,234082
-0,224121
-0,263965
-0,301318
-0,326221
-0,341162
-0,31377
-0,258984
-0,21167
-0,119531
-0,129492
-0,184277
-0,241553
-0,241553
-0,199219
-0,136963
-0,072217
-0,034863
-0,009961
0,009961
0,027393
0,007471
-0,00498
0,049805
0,134473
0,169336
0,117041
0,062256
0,064746
0,052295
0,072217
0,099609
0,044824
0,077197
0,089648
0,052295
-0,029883
-0,099609
-0,112061
-0,114551
-0,154395
-0,204199
-0,256494
-0,276416
-0,31626
-0,381006
-0,42334
-0,381006
-0,338672
-0,388477
-0,500537
-0,515479
-0,488086
-0,515479
-0,562793
-0,630029
-0,592676
-0,470654
-0,395947
-0,430811
-0,495557
-0,473145
-0,398437
-0,361084
-0,413379
-0,445752
-0,42334
-0,303809
-0,226611
-0,21416
-0,189258
-0,097119
0
-0,014941
-0,059766
-0,027393
0,042334
0,10708
0,079687
0,047314
0,084668
0,141943
0,082178
-0,039844
-0,057275
0,034863
0,079687
0,012451
-0,10708
-0,129492
-0,087158
-0,1021
-0,171826
-0,21665
-0,139453
-0,112061
-0,194238
-0,288867
-0,249023
-0,149414
-0,139453
-0,281396
-0,448242
-0,480615
-0,435791
-0,440771
-0,550342
-0,605127
-0,547852
-0,443262
-0,435791
-0,565283
-0,630029
-0,53291
-0,378516
-0,306299
-0,31626
-0,32124
-0,236572
-0,154395
-0,181787
-0,271436
-0,286377
-0,229102
-0,181787
-0,189258
-0,221631
-0,204199
-0,189258
-0,189258
-0,278906
-0,395947
-0,42085
-0,348633
-0,291357
-0,286377
-0,256494
-0,149414
-0,062256
-0,014941
-0,009961
-0,037354
-0,047314
-0,062256
-0,099609
-0,131982
-0,161865
-0,141943
-0,082178
-0,044824
0,00249
0,024902
-0,032373
-0,027393
-0,077197
-0,129492
-0,139453
-0,112061
-0,074707
-0,059766
-0,052295
-0,114551
-0,159375
-0,127002
-0,084668
-0,062256
-0,122021
-0,201709
-0,258984
-0,333691
-0,398437
-0,443262
-0,366064
-0,239062
-0,161865
-0,194238
-0,221631
-0,21167
-0,224121
-0,278906
-0,306299
-0,244043
-0,129492
-0,114551
-0,134473
-0,144434
-0,094629
0,007471
0,052295
0,007471
-0,027393
-0,00498
0,034863
-0,022412
-0,10459
-0,119531
-0,092139
-0,022412
-0,032373
-0,077197
-0,074707
-0,034863
-0,00498
-0,012451
-0,014941
-0,024902
0
-0,054785
-0,079687
-0,141943
-0,117041
-0,112061
-0,179297
-0,256494
-0,291357
-0,333691
-0,341162
-0,381006
-0,363574
-0,331201
-0,31626
-0,351123
-0,351123
-0,32373
-0,241553
-0,194238
-0,21665
-0,219141
-0,199219
-0,244043
-0,271436
-0,311279
-0,249023
-0,191748
-0,161865
-0,21167
-0,268945
-0,256494
-0,221631
-0,181787
-0,149414
-0,10957
-0,064746
-0,062256
-0,072217
-0,099609
-0,112061
-0,1021
-0,087158
-0,062256
-0,042334
-0,034863
-0,049805
-0,037354
-0,007471
0,037354
-0,00249
-0,10459
-0,174316
-0,20918
-0,21416
-0,226611
-0,266455
-0,291357
-0,281396
-0,254004
-0,241553
-0,258984
-0,268945
-0,281396
-0,298828
-0,331201
-0,368555
-0,373535
-0,363574
-0,376025
-0,390967
-0,358594
-0,286377
-0,263965
-0,303809
-0,338672
-0,31626
-0,293848
-0,301318
-0,356104
-0,363574
-0,306299
-0,224121
-0,184277
-0,141943
-0,129492
-0,119531
-0,161865
-0,226611
-0,293848
-0,32124
-0,348633
-0,433301
-0,500537
-0,495557
-0,405908
-0,343652
-0,341162
-0,415869
-0,455713
-0,42583
-0,410889
-0,435791
-0,460693
-0,410889
-0,286377
-0,181787
-0,161865
-0,229102
-0,21665
-0,174316
-0,169336
-0,179297
-0,164355
-0,146924
-0,10459
-0,067236
-0,044824
-0,059766
-0,047314
-0,027393
-0,009961
0,022412
0,074707
0,141943
0,149414
0,079687
-0,012451
-0,124512
-0,201709
-0,236572
-0,261475
-0,273926
-0,288867
-0,356104
-0,418359
-0,463184
-0,478125
-0,455713
-0,393457
-0,338672
-0,266455
-0,229102
-0,21167
-0,181787
-0,149414
-0,114551
-0,097119
-0,114551
-0,166846
-0,196729
-0,166846
-0,129492
-0,097119
-0,064746
-0,029883
0,032373
0,049805
0,034863
-0,00249
-0,009961
0,00249
0,052295
0,057275
0,062256
0,012451
-0,049805
-0,119531
-0,154395
-0,146924
-0,161865
-0,20918
-0,271436
-0,296338
-0,326221
-0,273926
-0,241553
-0,21167
-0,159375
-0,10459
-0,112061
-0,186768
-0,246533
-0,206689
-0,119531
-0,042334
-0,012451
-0,00249
0,032373
0,039844
-0,024902
-0,117041
-0,119531
-0,064746
0,00249
0,012451
-0,029883
0,024902
0,097119
0,084668
0,014941
-0,014941
-0,037354
-0,057275
-0,117041
-0,156885
-0,124512
-0,089648
-0,141943
-0,201709
-0,219141
-0,131982
-0,049805
-0,057275
-0,122021
-0,136963
-0,082178
-0,10459
-0,251514
-0,42583
-0,53291
-0,488086
-0,495557
-0,577734
-0,63501
-0,570264
-0,433301
-0,381006
-0,408398
-0,408398
-0,298828
-0,186768
-0,194238
-0,256494
-0,241553
-0,127002
-0,067236
-0,131982
-0,256494
-0,258984
-0,131982
-0,072217
-0,196729
-0,303809
-0,276416
-0,20918
-0,221631
-0,283887
-0,258984
-0,129492
-0,039844
-0,082178
-0,144434
-0,122021
-0,057275
-0,097119
-0,21167
-0,288867
-0,256494
-0,258984
-0,368555
-0,443262
-0,473145
-0,435791
-0,390967
-0,450732
-0,510498
-0,510498
-0,478125
-0,42832
-0,371045
-0,258984
-0,134473
-0,099609
-0,166846
-0,201709
-0,089648
0,022412
0,029883
-0,024902
-0,047314
-0,012451
-0,034863
-0,159375
-0,258984
-0,226611
-0,149414
-0,124512
-0,174316
-0,194238
-0,184277
-0,201709
-0,31377
-0,403418
-0,361084
-0,293848
-0,331201
-0,510498
-0,652441
-0,620068
-0,470654
-0,433301
-0,473145
-0,460693
-0,343652
-0,326221
-0,385986
-0,448242
-0,475635
-0,381006
-0,303809
-0,301318
-0,328711
-0,268945
-0,194238
-0,161865
-0,169336
-0,154395
-0,097119
-0,059766
-0,042334
-0,022412
0,044824
0,136963
0,164355
0,10957
0,039844
0,012451
0,024902
0,017432
-0,074707
-0,151904
-0,179297
-0,181787
-0,181787
-0,20918
-0,234082
-0,231592
-0,21416
-0,201709
-0,204199
-0,236572
-0,246533
-0,249023
-0,256494
-0,303809
-0,331201
-0,333691
-0,336182
-0,338672
-0,363574
-0,403418
-0,351123
-0,346143
-0,361084
-0,383496
-0,338672
-0,263965
-0,154395
-0,119531
-0,077197
-0,009961
0,134473
0,194238
0,139453
0,064746
0,034863
-0,00498
-0,094629
-0,189258
-0,139453
-0,052295
0,039844
0,029883
-0,044824
-0,027393
0,057275
0,144434
0,161865
0,184277
0,263965
0,328711
0,288867
0,134473
-0,029883
-0,119531
-0,181787
-0,278906
-0,383496
-0,385986
-0,298828
-0,236572
-0,244043
-0,32124
-0,286377
-0,244043
-0,21167
-0,221631
-0,21665
-0,164355
-0,117041
-0,122021
-0,164355
-0,239062
-0,296338
-0,291357
-0,306299
-0,311279
-0,276416
-0,234082
-0,219141
-0,249023
-0,256494
-0,236572
-0,221631
-0,263965
-0,256494
-0,236572
-0,186768
-0,166846
-0,159375
-0,134473
-0,089648
-0,129492
-0,199219
-0,21665
-0,189258
-0,146924
-0,134473
-0,114551
-0,084668
-0,067236
-0,154395
-0,328711
-0,475635
-0,512988
-0,440771
-0,331201
-0,194238
-0,139453
-0,069727
-0,077197
-0,119531
-0,127002
-0,072217
0,009961
0,069727
0,072217
0,044824
0,034863
0,017432
-0,024902
-0,044824
-0,009961
0,022412
-0,027393
-0,117041
-0,206689
-0,261475
-0,338672
-0,473145
-0,555322
-0,520459
-0,42583
-0,376025
-0,415869
-0,388477
-0,281396
-0,273926
-0,341162
-0,508008
-0,602637
-0,572754
-0,53291
-0,550342
-0,577734
-0,520459
-0,493066
-0,560303
-0,672363
-0,684814
-0,490576
-0,263965
-0,171826
-0,146924
-0,099609
0,037354
0,094629
0,054785
0,032373
0,10957
0,186768
0,124512
-0,054785
-0,231592
-0,226611
-0,151904
-0,119531
-0,131982
-0,10459
-0,007471
0,00249
-0,089648
-0,206689
-0,134473
-0,029883
0,00249
-0,149414
-0,249023
-0,186768
-0,127002
-0,204199
-0,363574
-0,42832
-0,343652
-0,258984
-0,296338
-0,405908
-0,42085
-0,353613
-0,361084
-0,458203
-0,510498
-0,415869
-0,351123
-0,338672
-0,390967
-0,373535
-0,271436
-0,273926
-0,338672
-0,390967
-0,283887
-0,114551
-0,054785
-0,082178
-0,074707
-0,032373
-0,00498
-0,072217
-0,144434
-0,074707
0,074707
0,156885
0,141943
0,069727
0,094629
0,10708
0,027393
-0,047314
-0,087158
-0,024902
-0,019922
-0,094629
-0,174316
-0,164355
-0,146924
-0,21167
-0,288867
-0,283887
-0,221631
-0,194238
-0,288867
-0,393457
-0,453223
-0,460693
-0,480615
-0,500537
-0,473145
-0,298828
-0,127002
-0,069727
-0,082178
-0,119531
-0,139453
-0,131982
-0,159375
-0,179297
-0,117041
-0,014941
0,00498
-0,074707
-0,20918
-0,31626
-0,393457
-0,418359
-0,388477
-0,308789
-0,179297
-0,034863
0,00498
-0,029883
-0,117041
-0,176807
-0,201709
-0,166846
-0,114551
-0,097119
-0,131982
-0,206689
-0,278906
-0,326221
-0,356104
-0,338672
-0,229102
-0,112061
-0,067236
-0,059766
-0,052295
-0,022412
0,007471
0,037354
0,022412
0,097119
0,161865
0,124512
0,027393
-0,117041
-0,156885
-0,164355
-0,179297
-0,21167
-0,196729
-0,117041
-0,047314
-0,10957
-0,283887
-0,333691
-0,254004
-0,176807
-0,194238
-0,249023
-0,236572
-0,204199
-0,21665
-0,251514
-0,356104
-0,351123
-0,353613
-0,408398
-0,542871
-0,590186
-0,512988
-0,353613
-0,288867
-0,338672
-0,390967
-0,356104
-0,286377
-0,206689
-0,149414
-0,049805
0,044824
0,044824
-0,014941
-0,094629
-0,094629
-0,074707
-0,052295
-0,019922
0,037354
0,077197
0,089648
0,082178
0,027393
-0,047314
-0,059766
-0,034863
0,00498
0,029883
0,014941
-0,024902
-0,1021
-0,179297
-0,254004
-0,291357
-0,32373
-0,358594
-0,42832
-0,478125
-0,540381
-0,602637
-0,6375
-0,615088
-0,542871
-0,495557
-0,478125
-0,493066
-0,488086
-0,473145
-0,410889
-0,388477
-0,398437
-0,371045
-0,31377
-0,278906
-0,278906
-0,273926
-0,236572
-0,139453
-0,052295
-0,017432
-0,049805
-0,007471
0,079687
0,119531
0,112061
0,094629
0,099609
0,134473
0,10708
-0,012451
-0,146924
-0,224121
-0,184277
-0,129492
-0,097119
-0,047314
-0,032373
-0,032373
-0,064746
-0,221631
-0,31875
-0,333691
-0,336182
-0,254004
-0,263965
-0,301318
-0,331201
-0,301318
-0,261475
-0,236572
-0,239062
-0,231592
-0,219141
-0,226611
-0,254004
-0,296338
-0,331201
-0,353613
-0,351123
-0,373535
-0,435791
-0,512988
-0,550342
-0,540381
-0,493066
-0,42334
-0,328711
-0,244043
-0,201709
-0,179297
-0,179297
-0,159375
-0,166846
-0,151904
-0,119531
-0,097119
-0,112061
-0,119531
-0,114551
-0,097119
-0,089648
-0,057275
0,00249
0,099609
0,112061
0,062256
-0,014941
-0,054785
-0,057275
-0,049805
-0,049805
-0,092139
-0,094629
-0,057275
-0,052295
-0,117041
-0,184277
-0,171826
-0,131982
-0,127002
-0,194238
-0,221631
-0,196729
-0,156885
-0,189258
-0,308789
-0,341162
-0,31626
-0,251514
-0,256494
-0,293848
-0,271436
-0,219141
-0,169336
-0,199219
-0,21665
-0,164355
-0,097119
-0,10708
-0,20918
-0,306299
-0,301318
-0,226611
-0,258984
-0,356104
-0,430811
-0,408398
-0,378516
-0,338672
-0,298828
-0,236572
-0,10957
-0,072217
-0,10459
-0,159375
-0,164355
-0,114551
-0,074707
-0,059766
-0,067236
-0,059766
-0,029883
-0,044824
-0,084668
-0,131982
-0,159375
-0,119531
-0,042334
0,034863
-0,054785
-0,114551
-0,179297
-0,169336
-0,159375
-0,184277
-0,199219
-0,189258
-0,099609
0,009961
0,057275
0,019922
-0,052295
-0,074707
-0,087158
-0,149414
-0,268945
-0,301318
-0,31377
-0,348633
-0,455713
-0,552832
-0,547852
-0,498047
-0,493066
-0,483105
-0,433301
-0,381006
-0,31626
-0,31626
-0,338672
-0,301318
-0,21665
-0,087158
-0,009961
-0,049805
-0,114551
-0,139453
-0,144434
-0,129492
-0,119531
-0,146924
-0,196729
-0,181787
-0,164355
-0,196729
-0,256494
-0,281396
-0,20918
-0,074707
0,014941
0,022412
0,052295
0,117041
0,149414
0,089648
0,042334
0,049805
0,092139
0,072217
-0,007471
-0,10708
-0,169336
-0,229102
-0,32124
-0,458203
-0,505518
-0,443262
-0,378516
-0,398437
-0,517969
-0,582715
-0,545361
-0,503027
-0,498047
-0,443262
-0,343652
-0,254004
-0,226611
-0,273926
-0,326221
-0,388477
-0,408398
-0,398437
-0,351123
-0,338672
-0,328711
-0,32373
-0,336182
-0,326221
-0,263965
-0,1021
0,00498
0,117041
0,164355
0,131982
0,087158
0,039844
-0,014941
-0,044824
-0,069727
-0,084668
-0,034863
0,014941
-0,039844
-0,134473
-0,184277
-0,141943
-0,114551
-0,189258
-0,20918
-0,166846
-0,149414
-0,181787
-0,286377
-0,385986
-0,376025
-0,333691
-0,376025
-0,483105
-0,490576
-0,393457
-0,341162
-0,388477
-0,463184
-0,435791
-0,331201
-0,263965
-0,31377
-0,361084
-0,308789
-0,146924
-0,117041
-0,159375
-0,141943
-0,037354
0,114551
0,156885
0,037354
-0,094629
-0,10708
-0,1021
-0,10957
-0,122021
-0,094629
-0,024902
0
-0,089648
-0,226611
-0,261475
-0,181787
-0,099609
-0,099609
-0,169336
-0,189258
-0,154395
-0,122021
-0,186768
-0,244043
-0,194238
-0,074707
-0,024902
-0,087158
-0,199219
-0,254004
-0,268945
-0,328711
-0,410889
-0,393457
-0,226611
-0,072217
-0,072217
-0,159375
-0,261475
-0,244043
-0,246533
-0,31626
-0,361084
-0,343652
-0,206689
-0,191748
-0,281396
-0,338672
-0,199219
0,024902
0,064746
-0,114551
-0,263965
-0,181787
-0,024902
-0,017432
-0,141943
-0,249023
-0,169336
-0,079687
-0,139453
-0,288867
-0,281396
-0,044824
0,122021
0,009961
-0,219141
-0,296338
-0,117041
0,024902
-0,037354
-0,131982
-0,089648
0,027393
-0,089648
-0,338672
-0,500537
-0,378516
-0,097119
0,00498
-0,114551
-0,311279
-0,358594
-0,301318
-0,273926
-0,326221
-0,333691
-0,099609
0,087158
0,067236
-0,112061
-0,184277
-0,074707
0,082178
0,024902
-0,117041
-0,159375
-0,124512
-0,154395
-0,341162
-0,547852
-0,592676
-0,503027
-0,453223
-0,562793
-0,600146
-0,465674
-0,226611
-0,141943
-0,278906
-0,405908
-0,383496
-0,268945
-0,229102
-0,249023
-0,251514
-0,196729
-0,194238
-0,308789
-0,433301
-0,463184
-0,351123
-0,174316
-0,092139
-0,064746
-0,044824
-0,029883
-0,044824
-0,082178
-0,119531
-0,00498
0,149414
0,184277
0,072217
-0,052295
-0,097119
-0,092139
-0,069727
-0,034863
0,009961
0,034863
0,034863
-0,049805
-0,171826
-0,308789
-0,333691
-0,326221
-0,346143
-0,415869
-0,463184
-0,495557
-0,517969
-0,510498
-0,443262
-0,363574
-0,283887
-0,31377
-0,376025
-0,445752
-0,42085
-0,398437
-0,395947
-0,405908
-0,398437
-0,405908
-0,443262
-0,453223
-0,405908
-0,368555
-0,326221
-0,206689
-0,057275
0,176807
0,261475
0,164355
0,099609
0,084668
0,114551
0,134473
0,117041
0,047314
-0,00498
0,014941
0,037354
0,029883
0,057275
0,087158
0,084668
-0,027393
-0,112061
-0,054785
0,069727
0,042334
-0,119531
-0,283887
-0,328711
-0,303809
-0,341162
-0,400928
-0,440771
-0,388477
-0,303809
-0,32373
-0,488086
-0,607617
-0,607617
-0,453223
-0,438281
-0,5354
-0,572754
-0,500537
-0,488086
-0,542871
-0,53291
-0,415869
-0,258984
-0,124512
-0,136963
-0,194238
-0,201709
-0,124512
-0,062256
-0,049805
-0,049805
0,024902
0,112061
0,069727
-0,032373
-0,1021
-0,052295
0,042334
0,139453
0,179297
0,179297
0,176807
0,151904
0,097119
0,012451
-0,037354
-0,044824
-0,007471
-0,039844
-0,112061
-0,149414
-0,174316
-0,196729
-0,21416
-0,164355
-0,047314
0,012451
-0,017432
-0,136963
-0,246533
-0,301318
-0,348633
-0,42334
-0,455713
-0,405908
-0,273926
-0,249023
-0,251514
-0,273926
-0,199219
-0,1021
-0,094629
-0,122021
-0,131982
-0,151904
-0,194238
-0,311279
-0,450732
-0,443262
-0,341162
-0,271436
-0,286377
-0,333691
-0,306299
-0,246533
-0,234082
-0,256494
-0,288867
-0,229102
-0,099609
-0,059766
-0,074707
-0,069727
-0,044824
-0,037354
-0,062256
-0,034863
0,039844
0,089648
0,039844
-0,059766
-0,119531
-0,141943
-0,151904
-0,181787
-0,156885
-0,119531
-0,059766
-0,024902
-0,049805
-0,077197
-0,122021
-0,136963
-0,092139
0,012451
0,022412
-0,062256
-0,119531
-0,114551
-0,092139
-0,166846
-0,32124
-0,413379
-0,378516
-0,368555
-0,448242
-0,490576
-0,473145
-0,465674
-0,525439
-0,6375
-0,682324
-0,622559
-0,517969
-0,475635
-0,517969
-0,52793
-0,480615
-0,503027
-0,575244
-0,63501
-0,615088
-0,490576
-0,395947
-0,383496
-0,381006
-0,336182
-0,21167
-0,069727
-0,012451
-0,022412
0
0,032373
0,079687
0,032373
-0,034863
-0,024902
0,024902
-0,054785
-0,169336
-0,20918
-0,097119
0,049805
0,084668
0,062256
0,042334
0,032373
-0,049805
-0,229102
-0,358594
-0,249023
-0,052295
0,092139
0,067236
0,00498
-0,019922
-0,057275
-0,149414
-0,331201
-0,353613
-0,244043
-0,184277
-0,244043
-0,343652
-0,42085
-0,433301
-0,445752
-0,503027
-0,495557
-0,390967
-0,273926
-0,21167
-0,246533
-0,273926
-0,236572
-0,181787
-0,184277
-0,196729
-0,124512
-0,097119
-0,136963
-0,229102
-0,219141
-0,156885
-0,094629
-0,139453
-0,251514
-0,336182
-0,353613
-0,258984
-0,124512
-0,039844
0,022412
0,044824
0,044824
-0,00498
-0,054785
-0,039844
0,032373
0,122021
0,124512
0,029883
-0,097119
-0,261475
-0,361084
-0,368555
-0,331201
-0,268945
-0,179297
-0,1021
-0,084668
-0,134473
-0,241553
-0,234082
-0,149414
-0,117041
-0,146924
-0,146924
-0,161865
-0,273926
-0,390967
-0,398437
-0,32373
-0,256494
-0,258984
-0,333691
-0,343652
-0,308789
-0,273926
-0,266455
-0,249023
-0,221631
-0,194238
-0,201709
-0,236572
-0,221631
-0,146924
-0,099609
-0,136963
-0,206689
-0,234082
-0,171826
-0,112061
-0,189258
-0,271436
-0,278906
-0,21167
-0,129492
-0,131982
-0,164355
-0,151904
-0,064746
-0,059766
-0,097119
-0,134473
-0,067236
0,00498
0,044824
0,00498
-0,059766
-0,069727
-0,044824
-0,10459
-0,239062
-0,258984
-0,21167
-0,084668
-0,077197
-0,176807
-0,303809
-0,306299
-0,268945
-0,219141
-0,191748
-0,136963
-0,052295
-0,022412
-0,114551
-0,261475
-0,336182
-0,303809
-0,273926
-0,308789
-0,32373
-0,273926
-0,159375
-0,169336
-0,258984
-0,341162
-0,356104
-0,221631
-0,10459
-0,062256
-0,064746
-0,049805
-0,062256
-0,156885
-0,288867
-0,283887
-0,169336
-0,052295
-0,059766
-0,164355
-0,239062
-0,219141
-0,246533
-0,361084
-0,460693
-0,348633
-0,131982
-0,064746
-0,161865
-0,331201
-0,373535
-0,311279
-0,306299
-0,413379
-0,458203
-0,333691
-0,174316
-0,169336
-0,273926
-0,286377
-0,141943
-0,062256
-0,072217
-0,114551
-0,127002
-0,087158
-0,139453
-0,291357
-0,333691
-0,291357
-0,139453
-0,144434
-0,236572
-0,266455
-0,139453
-0,039844
-0,084668
-0,164355
-0,144434
-0,044824
-0,052295
-0,196729
-0,32373
-0,311279
-0,231592
-0,184277
-0,236572
-0,303809
-0,31377
-0,268945
-0,241553
-0,256494
-0,286377
-0,251514
-0,256494
-0,291357
-0,343652
-0,348633
-0,298828
-0,206689
-0,129492
-0,082178
-0,089648
-0,10459
-0,094629
-0,094629
-0,179297
-0,263965
-0,251514
-0,156885
-0,179297
-0,298828
-0,326221
-0,221631
-0,174316
-0,226611
-0,348633
-0,328711
-0,139453
0,039844
0,059766
-0,009961
0,012451
0,112061
0,094629
-0,082178
-0,231592
-0,186768
-0,089648
-0,136963
-0,331201
-0,493066
-0,503027
-0,408398
-0,376025
-0,351123
-0,20918
-0,064746
-0,007471
-0,127002
-0,273926
-0,271436
-0,176807
-0,149414
-0,21665
-0,271436
-0,244043
-0,161865
-0,186768
-0,331201
-0,390967
-0,278906
-0,134473
-0,089648
-0,151904
-0,21665
-0,161865
-0,112061
-0,127002
-0,221631
-0,246533
-0,10708
0,082178
0,191748
0,156885
0,032373
-0,034863
-0,10957
-0,204199
-0,258984
-0,226611
-0,127002
-0,032373
-0,044824
-0,174316
-0,31377
-0,376025
-0,383496
-0,31377
-0,166846
-0,049805
0,019922
-0,037354
-0,127002
-0,186768
-0,144434
-0,112061
-0,10957
-0,156885
-0,194238
-0,21167
-0,268945
-0,366064
-0,455713
-0,435791
-0,378516
-0,32124
-0,301318
-0,219141
-0,189258
-0,124512
-0,124512
-0,112061
-0,047314
-0,009961
-0,047314
-0,049805
-0,009961
0,074707
0,159375
0,127002
-0,034863
-0,244043
-0,415869
-0,517969
-0,5354
-0,490576
-0,448242
-0,358594
-0,226611
-0,201709
-0,288867
-0,388477
-0,42583
-0,256494
-0,059766
-0,007471
-0,042334
-0,074707
-0,022412
-0,087158
-0,311279
-0,508008
-0,435791
-0,224121
-0,141943
-0,271436
-0,363574
-0,246533
-0,114551
-0,141943
-0,268945
-0,221631
-0,00498
0,159375
0,059766
-0,10957
-0,141943
-0,049805
-0,047314
-0,174316
-0,306299
-0,154395
0,034863
-0,027393
-0,356104
-0,617578
-0,625049
-0,490576
-0,42832
-0,478125
-0,458203
-0,338672
-0,241553
-0,306299
-0,445752
-0,400928
-0,144434
-0,00249
-0,10459
-0,268945
-0,273926
-0,097119
-0,062256
-0,268945
-0,463184
-0,438281
-0,293848
-0,271436
-0,418359
-0,522949
-0,413379
-0,21665
-0,161865
-0,249023
-0,266455
-0,064746
0,057275
0,007471
-0,074707
-0,042334
0,1021
0,131982
-0,009961
-0,146924
-0,114551
0,029883
0,034863
-0,131982
-0,278906
-0,204199
-0,092139
-0,112061
-0,298828
-0,388477
-0,263965
-0,149414
-0,236572
-0,458203
-0,440771
-0,186768
-0,024902
-0,10459
-0,346143
-0,418359
-0,31377
-0,251514
-0,363574
-0,498047
-0,478125
-0,296338
-0,20918
-0,31626
-0,463184
-0,388477
-0,21167
-0,196729
-0,376025
-0,450732
-0,291357
-0,039844
-0,027393
-0,234082
-0,31875
-0,131982
0,189258
0,273926
0,1021
0,027393
0,154395
0,278906
0,144434
-0,094629
-0,129492
0,034863
0,054785
-0,171826
-0,430811
-0,385986
-0,20918
-0,176807
-0,32124
-0,395947
-0,229102
-0,079687
-0,171826
-0,361084
-0,366064
-0,149414
0,044824
0,014941
-0,10459
-0,10957
-0,027393
-0,069727
-0,298828
-0,460693
-0,390967
-0,251514
-0,251514
-0,346143
-0,381006
-0,311279
-0,241553
-0,236572
-0,21665
-0,099609
0,027393
0,156885
0,122021
0,054785
0,00249
0,00249
0,029883
0,047314
0,014941
-0,017432
-0,024902
-0,052295
-0,122021
-0,194238
-0,251514
-0,219141
-0,149414
-0,134473
-0,179297
-0,241553
-0,159375
0,00249
-0,019922
-0,134473
-0,246533
-0,21416
-0,10957
-0,10459
-0,171826
-0,226611
-0,186768
-0,186768
-0,291357
-0,42832
-0,463184
-0,343652
-0,244043
-0,256494
-0,338672
-0,326221
-0,244043
-0,224121
-0,224121
-0,263965
-0,219141
-0,20918
-0,241553
-0,303809
-0,281396
-0,204199
-0,149414
-0,164355
-0,234082
-0,31626
-0,368555
-0,371045
-0,363574
-0,333691
-0,271436
-0,186768
-0,134473
-0,159375
-0,246533
-0,276416
-0,268945
-0,258984
-0,201709
-0,146924
-0,117041
-0,154395
-0,241553
-0,31875
-0,373535
-0,385986
-0,346143
-0,308789
-0,336182
-0,353613
-0,341162
-0,356104
-0,42334
-0,440771
-0,361084
-0,234082
-0,171826
-0,201709
-0,273926
-0,263965
-0,244043
-0,191748
-0,184277
-0,156885
-0,099609
-0,064746
-0,064746
-0,10459
-0,10957
-0,084668
-0,052295
-0,039844
-0,044824
-0,042334
-0,049805
-0,094629
-0,146924
-0,164355
-0,112061
-0,10459
-0,166846
-0,189258
-0,174316
-0,154395
-0,201709
-0,229102
-0,276416
-0,328711
-0,410889
-0,465674
-0,475635
-0,430811
-0,341162
-0,261475
-0,194238
-0,166846
-0,189258
-0,21416
-0,249023
-0,266455
-0,331201
-0,351123
-0,353613
-0,341162
-0,331201
-0,31875
-0,263965
-0,21665
-0,201709
-0,21167
-0,196729
-0,092139
-0,017432
-0,034863
-0,164355
-0,20918
-0,117041
-0,012451
0,019922
-0,037354
-0,049805
0,009961
-0,027393
-0,164355
-0,273926
-0,293848
-0,234082
-0,263965
-0,353613
-0,351123
-0,256494
-0,159375
-0,151904
-0,204199
-0,21665
-0,161865
-0,10459
-0,097119
-0,129492
-0,161865
-0,206689
-0,231592
-0,194238
-0,141943
-0,099609
-0,1021
-0,134473
-0,059766
0,00498
0,057275
0,054785
0,042334
0,049805
0,089648
0,112061
0,092139
0,069727
0,044824
0,027393
0,022412
-0,00498
-0,064746
-0,124512
-0,136963
-0,064746
0,00498
-0,017432
-0,064746
-0,082178
-0,079687
-0,094629
-0,171826
-0,239062
-0,258984
-0,283887
-0,358594
-0,493066
-0,595166
-0,587695
-0,483105
-0,435791
-0,485596
-0,470654
-0,363574
-0,281396
-0,249023
-0,281396
-0,176807
-0,139453
-0,146924
-0,191748
-0,254004
-0,169336
-0,014941
0,019922
-0,082178
-0,21665
-0,20918
-0,161865
-0,171826
-0,226611
-0,201709
-0,074707
0,039844
-0,029883
-0,199219
-0,219141
-0,099609
-0,012451
-0,094629
-0,234082
-0,20918
-0,122021
-0,139453
-0,338672
-0,475635
-0,410889
-0,298828
-0,31875
-0,460693
-0,463184
-0,351123
-0,291357
-0,445752
-0,654932
-0,607617
-0,311279
-0,082178
-0,144434
-0,291357
-0,263965
-0,144434
-0,149414
-0,308789
-0,453223
-0,32373
-0,054785
0,069727
-0,027393
-0,156885
-0,10708
0,027393
-0,009961
-0,136963
-0,131982
0,099609
0,276416
0,196729
-0,062256
-0,181787
-0,094629
-0,019922
-0,174316
-0,363574
-0,276416
-0,082178
-0,007471
-0,181787
-0,356104
-0,343652
-0,151904
-0,114551
-0,246533
-0,32124
-0,229102
-0,089648
-0,129492
-0,373535
-0,480615
-0,368555
-0,268945
-0,333691
-0,468164
-0,42832
-0,241553
-0,10957
-0,176807
-0,361084
-0,351123
-0,234082
-0,171826
-0,293848
-0,358594
-0,271436
-0,124512
-0,112061
-0,194238
-0,169336
-0,072217
0,014941
-0,032373
-0,10957
-0,124512
-0,054785
-0,027393
-0,141943
-0,303809
-0,32373
-0,226611
-0,201709
-0,268945
-0,371045
-0,343652
-0,201709
-0,119531
-0,179297
-0,254004
-0,196729
-0,054785
0,042334
-0,00498
-0,044824
0,00249
0,131982
0,146924
-0,009961
-0,141943
-0,124512
0,00249
0,014941
-0,054785
-0,149414
-0,239062
-0,286377
-0,400928
-0,488086
-0,368555
-0,156885
-0,00498
-0,029883
-0,159375
-0,236572
-0,166846
-0,029883
0,052295
0,042334
-0,029883
-0,10708
-0,199219
-0,326221
-0,42832
-0,42085
-0,356104
-0,258984
-0,181787
-0,239062
-0,273926
-0,281396
-0,199219
-0,122021
-0,139453
-0,196729
-0,226611
-0,176807
-0,186768
-0,278906
-0,298828
-0,201709
-0,10708
-0,112061
-0,191748
-0,254004
-0,268945
-0,296338
-0,341162
-0,363574
-0,31875
-0,20918
-0,154395
-0,10708
-0,064746
-0,052295
-0,047314
-0,064746
-0,082178
-0,084668
-0,10459
-0,156885
-0,241553
-0,246533
-0,244043
-0,256494
-0,31626
-0,388477
-0,378516
-0,326221
-0,32124
-0,356104
-0,348633
-0,301318
-0,306299
-0,306299
-0,361084
-0,395947
-0,353613
-0,271436
-0,196729
-0,139453
-0,094629
-0,10459
-0,191748
-0,301318
-0,333691
-0,21665
-0,082178
-0,019922
-0,027393
-0,122021
-0,179297
-0,199219
-0,241553
-0,221631
-0,124512
-0,074707
-0,054785
-0,112061
-0,204199
-0,21665
-0,10459
0,057275
0,154395
0,136963
0,007471
-0,089648
-0,10708
-0,087158
-0,122021
-0,151904
-0,159375
-0,181787
-0,221631
-0,353613
-0,42085
-0,385986
-0,271436
-0,191748
-0,186768
-0,204199
-0,164355
-0,139453
-0,191748
-0,249023
-0,20918
-0,092139
-0,067236
-0,226611
-0,378516
-0,395947
-0,383496
-0,512988
-0,667383
-0,684814
-0,490576
-0,278906
-0,21416
-0,32124
-0,371045
-0,288867
-0,239062
-0,268945
-0,246533
-0,044824
0,127002
0,092139
-0,10459
-0,251514
-0,171826
0
0,042334
-0,044824
-0,054785
0,047314
0,10708
0,00498
-0,174316
-0,181787
-0,00249
0,194238
0,159375
0,00249
-0,049805
-0,009961
-0,054785
-0,21665
-0,358594
-0,331201
-0,276416
-0,353613
-0,493066
-0,565283
-0,522949
-0,450732
-0,485596
-0,550342
-0,42832
-0,231592
-0,131982
-0,161865
-0,268945
-0,261475
-0,20918
-0,221631
-0,32373
-0,381006
-0,288867
-0,171826
-0,20918
-0,351123
-0,351123
-0,189258
-0,052295
-0,047314
-0,079687
-0,019922
0,019922
-0,042334
-0,206689
-0,206689
-0,089648
-0,042334
-0,129492
-0,254004
-0,221631
-0,134473
-0,146924
-0,263965
-0,331201
-0,239062
-0,124512
-0,124512
-0,236572
-0,286377
-0,186768
-0,074707
-0,024902
-0,019922
0,00249
-0,00249
-0,079687
-0,164355
-0,181787
-0,119531
-0,127002
-0,199219
-0,249023
-0,224121
-0,154395
-0,171826
-0,236572
-0,31626
-0,261475
-0,21665
-0,231592
-0,308789
-0,338672
-0,378516
-0,390967
-0,381006
-0,32124
-0,21665
-0,154395
-0,191748
-0,31377
-0,413379
-0,373535
-0,31377
-0,268945
-0,236572
-0,161865
-0,062256
-0,072217
-0,186768
-0,21167
-0,129492
-0,062256
-0,034863
-0,054785
-0,049805
-0,034863
-0,042334
-0,069727
-0,119531
-0,119531
-0,092139
-0,022412
0,034863
0,014941
-0,059766
-0,144434
-0,256494
-0,361084
-0,385986
-0,333691
-0,311279
-0,308789
-0,278906
-0,191748
-0,146924
-0,174316
-0,21665
-0,244043
-0,226611
-0,166846
-0,10957
-0,122021
-0,166846
-0,21416
-0,268945
-0,263965
-0,296338
-0,31377
-0,363574
-0,430811
-0,510498
-0,547852
-0,500537
-0,435791
-0,383496
-0,336182
-0,278906
-0,241553
-0,249023
-0,256494
-0,261475
-0,254004
-0,184277
-0,199219
-0,186768
-0,261475
-0,311279
-0,388477
-0,42334
-0,398437
-0,283887
-0,169336
-0,092139
-0,049805
0,017432
0,052295
0,059766
0,024902
0,00498
0,049805
0,1021
0,119531
0,1021
0,059766
0,019922
-0,007471
-0,089648
-0,20918
-0,191748
-0,092139
-0,064746
-0,1021
-0,117041
-0,072217
-0,017432
-0,042334
-0,072217
-0,00249
0,119531
0,112061
-0,074707
-0,31626
-0,405908
-0,351123
-0,333691
-0,440771
-0,565283
-0,52793
-0,435791
-0,488086
-0,644971
-0,724658
-0,605127
-0,405908
-0,361084
-0,443262
-0,498047
-0,408398
-0,31626
-0,348633
-0,410889
-0,268945
-0,067236
0,00249
-0,139453
-0,296338
-0,291357
-0,21416
-0,141943
-0,20918
-0,20918
-0,072217
0,024902
-0,034863
-0,161865
-0,134473
-0,019922
0,054785
-0,007471
-0,019922
0,054785
0,124512
0,092139
-0,007471
-0,00249
0,039844
0,1021
0,072217
-0,024902
-0,10459
-0,146924
-0,226611
-0,346143
-0,373535
-0,331201
-0,293848
-0,306299
-0,353613
-0,385986
-0,395947
-0,381006
-0,356104
-0,283887
-0,221631
-0,224121
-0,246533
-0,273926
-0,231592
-0,226611
-0,229102
-0,21416
-0,122021
-0,079687
-0,079687
-0,139453
-0,206689
-0,159375
-0,077197
-0,079687
-0,156885
-0,229102
-0,184277
-0,082178
-0,047314
-0,032373
0,019922
0,062256
0,039844
-0,079687
-0,164355
-0,114551
-0,054785
-0,094629
-0,219141
-0,31626
-0,326221
-0,331201
-0,373535
-0,388477
-0,326221
-0,201709
-0,204199
-0,328711
-0,448242
-0,430811
-0,343652
-0,263965
-0,246533
-0,194238
-0,049805
0,024902
-0,037354
-0,164355
-0,154395
-0,059766
-0,039844
-0,136963
-0,278906
-0,281396
-0,171826
-0,21665
-0,273926
-0,246533
-0,112061
-0,054785
-0,156885
-0,348633
-0,346143
-0,21665
-0,156885
-0,229102
-0,32373
-0,288867
-0,20918
-0,258984
-0,351123
-0,32124
-0,171826
-0,089648
-0,127002
-0,181787
-0,156885
-0,082178
-0,114551
-0,204199
-0,206689
-0,057275
0,042334
0,022412
-0,054785
-0,082178
-0,017432
0,047314
0,029883
-0,047314
-0,10459
-0,10708
-0,117041
-0,124512
-0,124512
-0,166846
-0,174316
-0,221631
-0,256494
-0,301318
-0,306299
-0,328711
-0,32124
-0,308789
-0,268945
-0,234082
-0,249023
-0,286377
-0,336182
-0,363574
-0,351123
-0,311279
-0,271436
-0,283887
-0,348633
-0,430811
-0,493066
-0,545361
-0,522949
-0,5354
-0,488086
-0,381006
-0,308789
-0,303809
-0,32124
-0,32124
-0,281396
-0,236572
-0,21665
-0,20918
-0,10957
0,022412
0,129492
0,146924
0,114551
0,059766
0,059766
0,049805
0,037354
0,057275
0,097119
0,084668
0,054785
0,007471
0,014941
0,079687
0,179297
0,239062
0,251514
0,241553
0,20918
0,164355
0,062256
-0,082178
-0,249023
-0,358594
-0,395947
-0,418359
-0,475635
-0,537891
-0,577734
-0,540381
-0,505518
-0,557812
-0,587695
-0,537891
-0,435791
-0,366064
-0,388477
-0,433301
-0,398437
-0,326221
-0,338672
-0,42334
-0,485596
-0,455713
-0,383496
-0,373535
-0,410889
-0,415869
-0,343652
-0,293848
-0,241553
-0,21416
-0,159375
-0,009961
0,059766
0,049805
0,032373
0,039844
0,039844
0
-0,059766
-0,024902
0,062256
0,139453
0,10957
0,017432
-0,054785
-0,092139
-0,129492
-0,204199
-0,224121
-0,174316
-0,141943
-0,149414
-0,171826
-0,236572
-0,206689
-0,186768
-0,249023
-0,311279
-0,363574
-0,376025
-0,328711
-0,291357
-0,296338
-0,278906
-0,224121
-0,146924
-0,10459
-0,124512
-0,134473
-0,117041
-0,082178
-0,10957
-0,179297
-0,229102
-0,184277
-0,124512
-0,10459
-0,166846
-0,229102
-0,221631
-0,196729
-0,196729
-0,234082
-0,206689
-0,114551
-0,054785
-0,136963
-0,273926
-0,331201
-0,273926
-0,226611
-0,268945
-0,31626
-0,283887
-0,234082
-0,186768
-0,249023
-0,229102
-0,141943
0,009961
0,064746
0,037354
0,022412
0,039844
0,067236
0,00498
-0,084668
-0,134473
-0,117041
-0,127002
-0,184277
-0,268945
-0,303809
-0,31626
-0,361084
-0,435791
-0,448242
-0,390967
-0,308789
-0,293848
-0,338672
-0,378516
-0,383496
-0,338672
-0,353613
-0,410889
-0,438281
-0,450732
-0,483105
-0,555322
-0,592676
-0,557812
-0,478125
-0,42334
-0,430811
-0,465674
-0,448242
-0,373535
-0,356104
-0,311279
-0,244043
-0,159375
-0,054785
-0,017432
-0,022412
-0,007471
0,099609
0,191748
0,219141
0,191748
0,136963
0,112061
0,084668
0,067236
0,084668
0,114551
0,171826
0,176807
0,112061
0,054785
0,042334
0,057275
0,009961
-0,009961
-0,012451
-0,009961
-0,097119
-0,164355
-0,286377
-0,328711
-0,326221
-0,356104
-0,448242
-0,5354
-0,572754
-0,562793
-0,572754
-0,610107
-0,63501
-0,567773
-0,480615
-0,463184
-0,488086
-0,475635
-0,415869
-0,333691
-0,351123
-0,361084
-0,298828
-0,184277
-0,052295
-0,012451
-0,067236
-0,087158
-0,049805
-0,027393
-0,084668
-0,174316
-0,131982
-0,027393
-0,007471
-0,10459
-0,159375
-0,124512
0,024902
0,097119
0,039844
0,037354
0,136963
0,201709
0,131982
0,012451
-0,034863
-0,012451
-0,009961
-0,134473
-0,241553
-0,234082
-0,164355
-0,151904
-0,219141
-0,231592
-0,151904
-0,10459
-0,161865
-0,184277
-0,161865
-0,10459
-0,064746
-0,139453
-0,191748
-0,196729
-0,181787
-0,258984
-0,378516
-0,435791
-0,413379
-0,390967
-0,453223
-0,525439
-0,500537
-0,388477
-0,338672
-0,328711
-0,291357
-0,21167
-0,112061
-0,1021
-0,084668
-0,034863
0
-0,037354
-0,129492
-0,224121
-0,229102
-0,21665
-0,21416
-0,20918
-0,191748
-0,179297
-0,226611
-0,244043
-0,21665
-0,084668
0,054785
0,146924
0,154395
0,124512
0,084668
0,034863
-0,049805
-0,119531
-0,139453
-0,136963
-0,136963
-0,21665
-0,286377
-0,298828
-0,31626
-0,343652
-0,31626
-0,249023
-0,141943
-0,082178
-0,114551
-0,229102
-0,303809
-0,333691
-0,363574
-0,410889
-0,393457
-0,361084
-0,388477
-0,485596
-0,597656
-0,607617
-0,572754
-0,585205
-0,585205
-0,5354
-0,385986
-0,296338
-0,281396
-0,288867
-0,219141
-0,084668
0,009961
0,042334
0,054785
0,131982
0,251514
0,271436
0,176807
0,174316
0,221631
0,261475
0,221631
0,10459
0,10957
0,159375
0,171826
0,077197
-0,009961
0,00249
0,084668
0,139453
0,052295
-0,054785
-0,099609
-0,122021
-0,154395
-0,283887
-0,410889
-0,450732
-0,443262
-0,505518
-0,557812
-0,572754
-0,547852
-0,490576
-0,485596
-0,547852
-0,587695
-0,557812
-0,505518
-0,5354
-0,585205
-0,552832
-0,440771
-0,326221
-0,341162
-0,415869
-0,385986
-0,263965
-0,171826
-0,159375
